36370776,https://github.com/superaligned/php-gtmetrix,superaligned,2015-05-27T14:04:31Z
36371989,https://github.com/gaiterjones/magento-minifyhtml,gaiterjones,2015-05-27T14:22:40Z
36372995,https://github.com/AccordGroup/MandrillSwiftMailer,AccordGroup,2015-05-27T14:36:48Z
36373246,https://github.com/dummy-team/dummy-wordpress,dummy-team,2015-05-27T14:40:28Z
36370961,https://github.com/picasso250/dreamer,picasso250,2015-05-27T14:07:34Z
36371663,https://github.com/cara-tm/pat_speeder,cara-tm,2015-05-27T14:18:13Z
36374337,https://github.com/cpapdotcom/asendia,cpapdotcom,2015-05-27T14:57:23Z
36371417,https://github.com/ThanrayTian/mylogsys,ThanrayTian,2015-05-27T14:15:03Z
36373531,https://github.com/prgTW/snapshottable-propel-behavior,prgTW,2015-05-27T14:44:46Z
36373102,https://github.com/dieg0vb/ifconfig.php,dieg0vb,2015-05-27T14:38:29Z
36371939,https://github.com/slub/slub_events,slub,2015-05-27T14:21:55Z
36374040,https://github.com/ulsdevteam/ojs-sushiLite-plugin,ulsdevteam,2015-05-27T14:52:31Z
36374217,https://github.com/luizpaulofranz/museuOswaldoAranha,luizpaulofranz,2015-05-27T14:55:15Z
36373076,https://github.com/reswild/cas-maestro,reswild,2015-05-27T14:38:07Z
36372503,https://github.com/borkweb/go-messagearea,borkweb,2015-05-27T14:29:36Z
36373235,https://github.com/ofelix03/felixotoo-blog,ofelix03,2015-05-27T14:40:22Z
36371823,https://github.com/nkirtsis/myRestApi,nkirtsis,2015-05-27T14:20:17Z
36373649,https://github.com/bverhagen/droppie,bverhagen,2015-05-27T14:46:34Z
36371540,https://github.com/borkweb/go-copylayout,borkweb,2015-05-27T14:16:44Z
36370571,https://github.com/datracka/wordpress-importer,datracka,2015-05-27T14:01:28Z
36371357,https://github.com/Franky96/projetPHP,Franky96,2015-05-27T14:14:15Z
36372594,https://github.com/Blubberboy333/ServerMOTD,Blubberboy333,2015-05-27T14:30:55Z
36373764,https://github.com/ilestis/social-graph,ilestis,2015-05-27T14:48:25Z
36370536,https://github.com/pennywise81/BootPress,pennywise81,2015-05-27T14:00:59Z
36370968,https://github.com/marebe1602/mae_image_map,marebe1602,2015-05-27T14:07:42Z
36370608,https://github.com/evgeniy-lazarev-e2e4/test,evgeniy-lazarev-e2e4,2015-05-27T14:02:00Z
36373271,https://github.com/morriscasey/TDD-with-PHP,morriscasey,2015-05-27T14:40:55Z
36373511,https://github.com/andresf90/google-api-php-client,andresf90,2015-05-27T14:44:30Z
36373031,https://github.com/zhangliang-php/DesignPattern,zhangliang-php,2015-05-27T14:37:15Z
36372554,https://github.com/barta4/xml_generator,barta4,2015-05-27T14:30:19Z
36372095,https://github.com/borkweb/go-copy-active-plugins,borkweb,2015-05-27T14:24:20Z
36370945,https://github.com/xenopol/Webshop,xenopol,2015-05-27T14:07:22Z
36371803,https://github.com/ketataAhmed/repos001,ketataAhmed,2015-05-27T14:20:02Z
36373564,https://github.com/hqpr/youfree_2015,hqpr,2015-05-27T14:45:15Z
36372986,https://github.com/yappabe/cakephp-twig-view,yappabe,2015-05-27T14:36:37Z
36370948,https://github.com/SCAS/locum-polaris-50,SCAS,2015-05-27T14:07:23Z
36373067,https://github.com/wp-plugins/organize-user-uploads,wp-plugins,2015-05-27T14:37:55Z
36373504,https://github.com/mrother/virtual-kanban,mrother,2015-05-27T14:44:20Z
36371028,https://github.com/EscapeWork/moip-php,EscapeWork,2015-05-27T14:08:43Z
36373956,https://github.com/ruslankus/netscout-keygen,ruslankus,2015-05-27T14:51:25Z
36374049,https://github.com/jp7anderson/crudsLaravel5,jp7anderson,2015-05-27T14:52:35Z
36374306,https://github.com/Griffolion/FAUpload,Griffolion,2015-05-27T14:56:51Z
36373452,https://github.com/Kurt108/adminer-formula,Kurt108,2015-05-27T14:43:37Z
36371541,https://github.com/Charlili/Badget_VerheyeLieselot_VanroelenCharlotte,Charlili,2015-05-27T14:16:44Z
36372164,https://github.com/LuczynskiDar/konferencja,LuczynskiDar,2015-05-27T14:25:11Z
36372718,https://github.com/borkweb/go-responsiveimages,borkweb,2015-05-27T14:32:26Z