231376,https://github.com/frac/twitter-autoblock,frac,2009-06-19T13:26:27Z