713361,https://github.com/ushahidi/Reverberations,ushahidi,2010-06-10T11:21:22Z
713377,https://github.com/ushahidi/riverid-python,ushahidi,2010-06-10T11:33:22Z
713366,https://github.com/cream/device-manager,cream,2010-06-10T11:26:16Z