1111129,https://github.com/campaignmonitor/createsend-python,campaignmonitor,2010-11-25T03:45:25Z
1111088,https://github.com/prozacgod/peventy,prozacgod,2010-11-25T03:12:22Z
1111089,https://github.com/petercai/pyelauncher,petercai,2010-11-25T03:13:14Z