207260156,https://github.com/yuanfu999/leyou,yuanfu999,2019-09-09T08:22:17Z
207259486,https://github.com/jbosstools/jbosstools-quarkus,jbosstools,2019-09-09T08:18:39Z
207265860,https://github.com/las9897/WordCloud-Server,las9897,2019-09-09T08:52:20Z
207259740,https://github.com/hezzel/cora,hezzel,2019-09-09T08:20:07Z
207256618,https://github.com/codeman65899478224/ScaleView,codeman65899478224,2019-09-09T08:03:33Z
207264512,https://github.com/graknlabs/console,graknlabs,2019-09-09T08:45:43Z
207259394,https://github.com/basiljung/MobileDeviceConnection,basiljung,2019-09-09T08:18:11Z
207260445,https://github.com/Pushpraj777/automatic-Screenshot-fecthing,Pushpraj777,2019-09-09T08:23:41Z
207267348,https://github.com/LIRUILONGS/parents,LIRUILONGS,2019-09-09T08:59:39Z
207260757,https://github.com/jiniya22/demo,jiniya22,2019-09-09T08:25:21Z
207263442,https://github.com/jeejeejango/freelance4j,jeejeejango,2019-09-09T08:40:06Z
207267266,https://github.com/hanien/dit827,hanien,2019-09-09T08:59:19Z
207261789,https://github.com/sarlmoclen/DCPush,sarlmoclen,2019-09-09T08:31:09Z
207259809,https://github.com/vishalyadav2/AtmSystem,vishalyadav2,2019-09-09T08:20:30Z
207260020,https://github.com/igorsas/spring,igorsas,2019-09-09T08:21:43Z
207261560,https://github.com/hackeroid080819/09.09.2019,hackeroid080819,2019-09-09T08:29:47Z
207266387,https://github.com/Sivasankaramalan/AmazonTest,Sivasankaramalan,2019-09-09T08:54:54Z
207256047,https://github.com/sdspgy/bigdata,sdspgy,2019-09-09T08:00:23Z
207260439,https://github.com/qugemingzi/BeautyOfProgramming,qugemingzi,2019-09-09T08:23:40Z
207258418,https://github.com/sun-bw/blog-admin,sun-bw,2019-09-09T08:12:56Z
207256571,https://github.com/piotrjanik/opa-warsaw-cloud-native-conf,piotrjanik,2019-09-09T08:03:18Z
207261181,https://github.com/jackmilos/springboot-demos,jackmilos,2019-09-09T08:27:37Z
207263131,https://github.com/shasire007/paytm,shasire007,2019-09-09T08:38:19Z
207263505,https://github.com/MikHail854/DropGame,MikHail854,2019-09-09T08:40:29Z
207259784,https://github.com/asa1374/eGovBoard,asa1374,2019-09-09T08:20:22Z
207256003,https://github.com/EvanGertis/TowersOfHanoi,EvanGertis,2019-09-09T08:00:05Z
207256053,https://github.com/ChenKexi0211/synchronized,ChenKexi0211,2019-09-09T08:00:26Z
207262088,https://github.com/fionnoif/plants_recognition,fionnoif,2019-09-09T08:32:44Z
207262258,https://github.com/lucaCambi77/research,lucaCambi77,2019-09-09T08:33:34Z
207264065,https://github.com/MaciejPawlik/dm2,MaciejPawlik,2019-09-09T08:43:21Z
207260966,https://github.com/SniXosha/prog_design,SniXosha,2019-09-09T08:26:27Z
207257486,https://github.com/Kavitha0105/Kavitha,Kavitha0105,2019-09-09T08:08:08Z
207265660,https://github.com/myage/jenkins-myage,myage,2019-09-09T08:51:28Z
207257900,https://github.com/Lasboi/Variabler_Eksempel,Lasboi,2019-09-09T08:10:17Z
207258443,https://github.com/fuadydheo/MvpVolume,fuadydheo,2019-09-09T08:13:05Z
207266311,https://github.com/tomarrayyou/wxservice,tomarrayyou,2019-09-09T08:54:27Z
207258257,https://github.com/iamlinhui/kpi,iamlinhui,2019-09-09T08:12:05Z
207258480,https://github.com/kmmshmily/spring-cloud-study-f,kmmshmily,2019-09-09T08:13:17Z
207260781,https://github.com/hdescottes/Rover,hdescottes,2019-09-09T08:25:28Z
207264368,https://github.com/gajanandhotre/project,gajanandhotre,2019-09-09T08:45:01Z
207266374,https://github.com/Aunt432/community,Aunt432,2019-09-09T08:54:51Z
207266944,https://github.com/Skatesky/SKPedometer,Skatesky,2019-09-09T08:57:44Z
207264470,https://github.com/AmbigaManick/ExecutionerVersionV2,AmbigaManick,2019-09-09T08:45:30Z
207261872,https://github.com/HomKey/retrieval,HomKey,2019-09-09T08:31:37Z
207261887,https://github.com/DETAILOL/KeywordSearchingOnWeb,DETAILOL,2019-09-09T08:31:41Z
207262393,https://github.com/l424533553/LibraryProject,l424533553,2019-09-09T08:34:15Z
207265173,https://github.com/rk77/TopscommCommonMode,rk77,2019-09-09T08:48:59Z
207261263,https://github.com/SeptemberWei/LoginHelper,SeptemberWei,2019-09-09T08:28:04Z
207257454,https://github.com/tudstar/AplicatiaTim,tudstar,2019-09-09T08:07:58Z
207262197,https://github.com/NguyenNgocDai15101991/ReverseElementArray,NguyenNgocDai15101991,2019-09-09T08:33:17Z
207258967,https://github.com/stephen-caffrey/API-ReInsurance,stephen-caffrey,2019-09-09T08:15:58Z
207260400,https://github.com/wangaaron78739/comp3111-lab1-demo,wangaaron78739,2019-09-09T08:23:27Z
207257662,https://github.com/siddharth1991/OpenNLPTextToSpeech,siddharth1991,2019-09-09T08:09:04Z
207259491,https://github.com/ning1102/findshop,ning1102,2019-09-09T08:18:40Z
207258666,https://github.com/denmats/ServletJspJdbcDemo,denmats,2019-09-09T08:14:17Z
207256994,https://github.com/Tmreign/FoodApp,Tmreign,2019-09-09T08:05:35Z
207263298,https://github.com/Neve222/springboot_demo,Neve222,2019-09-09T08:39:16Z
207259279,https://github.com/natashaval/PPB-Calculator,natashaval,2019-09-09T08:17:37Z
207266619,https://github.com/cetinbaskose/silverbars,cetinbaskose,2019-09-09T08:56:04Z
207266661,https://github.com/jonas-lj/fresco-calculator,jonas-lj,2019-09-09T08:56:15Z
207266072,https://github.com/carjamihail/sfg-pet-clinic,carjamihail,2019-09-09T08:53:10Z
207265355,https://github.com/kstruk/graph,kstruk,2019-09-09T08:49:58Z
207258308,https://github.com/Qwshang/yuxin,Qwshang,2019-09-09T08:12:22Z
207260145,https://github.com/Libbb/myRomead,Libbb,2019-09-09T08:22:14Z
207259758,https://github.com/ludde016/Programmering2,ludde016,2019-09-09T08:20:13Z
207261888,https://github.com/lulu200861626/spring-framework,lulu200861626,2019-09-09T08:31:42Z
207256670,https://github.com/NThai1507/demodeploy,NThai1507,2019-09-09T08:03:50Z
207264929,https://github.com/Fodba/CertifOracle,Fodba,2019-09-09T08:47:48Z
207259381,https://github.com/xielaixiaohun/spring-cloud-demo,xielaixiaohun,2019-09-09T08:18:07Z
207261113,https://github.com/M1053675/Practice1,M1053675,2019-09-09T08:27:16Z
207263975,https://github.com/MatteoPapiani15/taskManager,MatteoPapiani15,2019-09-09T08:42:51Z
207263552,https://github.com/aan1508/untukfuad,aan1508,2019-09-09T08:40:45Z
207267378,https://github.com/leomastakusuma/spring,leomastakusuma,2019-09-09T08:59:50Z
207260761,https://github.com/wangy325/webSocket-quickstart-tomcat,wangy325,2019-09-09T08:25:22Z
207267238,https://github.com/MLGcat/D0036D,MLGcat,2019-09-09T08:59:11Z
207259340,https://github.com/MaxenceMillot/Lokacar,MaxenceMillot,2019-09-09T08:17:55Z
207263621,https://github.com/Craidom/SchoolProjects-Assignments,Craidom,2019-09-09T08:41:06Z
207262107,https://github.com/RevDeBug/Java_Lambda,RevDeBug,2019-09-09T08:32:51Z
207259959,https://github.com/ansolai/final-project-backend,ansolai,2019-09-09T08:21:19Z
207260003,https://github.com/connect2dileep/Secondrepo,connect2dileep,2019-09-09T08:21:36Z
207259088,https://github.com/megagunawan/MockupBrowser,megagunawan,2019-09-09T08:16:35Z
207256867,https://github.com/13148821647/test,13148821647,2019-09-09T08:04:55Z
207257638,https://github.com/ouoabcde/ChunBlockChain,ouoabcde,2019-09-09T08:08:53Z
207266904,https://github.com/AlexandrPeev/Network-Programming,AlexandrPeev,2019-09-09T08:57:30Z
207262915,https://github.com/dprutean/dbf-jdbc-driver,dprutean,2019-09-09T08:37:10Z
207266678,https://github.com/liv-ellingsen/AlgDatOblig1,liv-ellingsen,2019-09-09T08:56:21Z
207257253,https://github.com/woodfor/CaptiWater,woodfor,2019-09-09T08:06:57Z
207264551,https://github.com/G3rY89/supersync-eureka,G3rY89,2019-09-09T08:45:53Z
207264584,https://github.com/bbq9234/dropwizard-playground,bbq9234,2019-09-09T08:46:02Z
207266375,https://github.com/rendy2731/lab-pbo-java,rendy2731,2019-09-09T08:54:52Z
207266981,https://github.com/DoThuyLinh/DoThuyLinh_17028671,DoThuyLinh,2019-09-09T08:57:55Z
207258573,https://github.com/moakhtar/bublTest,moakhtar,2019-09-09T08:13:44Z
207256931,https://github.com/lucvandijk/Molenspel_Avans,lucvandijk,2019-09-09T08:05:16Z
207259187,https://github.com/amonkats/UG-Budget,amonkats,2019-09-09T08:17:08Z
207261832,https://github.com/ravindrababuvidya/Spring-MVC,ravindrababuvidya,2019-09-09T08:31:25Z
207264983,https://github.com/lx570397505/repo_01,lx570397505,2019-09-09T08:48:02Z
207266502,https://github.com/divakartechpark/amazon,divakartechpark,2019-09-09T08:55:34Z
207256508,https://github.com/JeremyZi/AndroidTest,JeremyZi,2019-09-09T08:02:59Z
207260921,https://github.com/farhan810/FxResutrantProject,farhan810,2019-09-09T08:26:13Z
207256120,https://github.com/trihandhoko/android-project2,trihandhoko,2019-09-09T08:00:46Z
207263246,https://github.com/Lchunlei/eatapi,Lchunlei,2019-09-09T08:38:56Z
207263770,https://github.com/sujithsukumaran/JavaConcepts,sujithsukumaran,2019-09-09T08:41:53Z
207257790,https://github.com/Kelvin-EASJ/Project_First_One,Kelvin-EASJ,2019-09-09T08:09:44Z
207263619,https://github.com/xkdaq/PictureText,xkdaq,2019-09-09T08:41:06Z
207263659,https://github.com/bidishaguha30/eretail,bidishaguha30,2019-09-09T08:41:21Z
207259970,https://github.com/NangLD/Rikkei,NangLD,2019-09-09T08:21:24Z
207260021,https://github.com/L0nelyStrangrr/java_array_sort,L0nelyStrangrr,2019-09-09T08:21:43Z
207258766,https://github.com/londonappbrewery/bitcoin-ticker-android-mgmchan,londonappbrewery,2019-09-09T08:14:47Z
207262436,https://github.com/truongphan/springboot-activemq,truongphan,2019-09-09T08:34:29Z
207258069,https://github.com/lfulshu/java8,lfulshu,2019-09-09T08:11:07Z
207263867,https://github.com/8pade8/Cesar,8pade8,2019-09-09T08:42:19Z
207264592,https://github.com/Miaomeow/comp3111-demo-lab1,Miaomeow,2019-09-09T08:46:04Z
207267099,https://github.com/15190250058/esl,15190250058,2019-09-09T08:58:32Z
207265626,https://github.com/Indirk/spring5-recipe-app,Indirk,2019-09-09T08:51:22Z
207264168,https://github.com/andreleiteeee/PosicaoPonteiros,andreleiteeee,2019-09-09T08:44:00Z
207262348,https://github.com/tiranil/java_app,tiranil,2019-09-09T08:34:01Z
207264009,https://github.com/huakaibai/springbootaspect,huakaibai,2019-09-09T08:43:01Z
207262850,https://github.com/dennis-tsvetkov/netdata-rest-client,dennis-tsvetkov,2019-09-09T08:36:48Z
207262893,https://github.com/nguyenngockha2904/LT-UD-Java,nguyenngockha2904,2019-09-09T08:37:02Z
207259048,https://github.com/h94zhou/comp3111-lab1-demo,h94zhou,2019-09-09T08:16:22Z
207262651,https://github.com/AnyTimeTraveler/java-tutorials,AnyTimeTraveler,2019-09-09T08:35:41Z
207262727,https://github.com/OliveiraLucas10/unit-testing,OliveiraLucas10,2019-09-09T08:36:06Z
207257993,https://github.com/xyhe1/AdvancedAndroid_Squawker,xyhe1,2019-09-09T08:10:42Z
207258732,https://github.com/aquaimpact/doublepress,aquaimpact,2019-09-09T08:14:35Z
207258219,https://github.com/tranqui89/java,tranqui89,2019-09-09T08:11:55Z
207265346,https://github.com/RaghadMarri/SandwitchClub,RaghadMarri,2019-09-09T08:49:55Z
207257106,https://github.com/a88238327/cunaicp,a88238327,2019-09-09T08:06:09Z
207257107,https://github.com/Joobsterr/AnimalShelter,Joobsterr,2019-09-09T08:06:10Z
207259526,https://github.com/KeichiAndo/MySimpleBrowser,KeichiAndo,2019-09-09T08:18:52Z
207261096,https://github.com/pljrsontoloy0/SourceCodeAndroidStudioAplikasiCuacaa,pljrsontoloy0,2019-09-09T08:27:09Z
207263989,https://github.com/Leinster123/COMP3111-lab1,Leinster123,2019-09-09T08:42:55Z
207262023,https://github.com/EricZhangYu/-01,EricZhangYu,2019-09-09T08:32:25Z
207263498,https://github.com/anhyunchung/pal-tracker,anhyunchung,2019-09-09T08:40:26Z
207261383,https://github.com/SahanBuddhika/SpringBoot-Crud-Operation,SahanBuddhika,2019-09-09T08:28:45Z
207266259,https://github.com/mass10/springboot1,mass10,2019-09-09T08:54:11Z
207259459,https://github.com/DraperHXY/JavaNetwork,DraperHXY,2019-09-09T08:18:30Z
207258874,https://github.com/SwapnilVahile/DJ,SwapnilVahile,2019-09-09T08:15:23Z
207260402,https://github.com/paulsoumi96/national-parks-java,paulsoumi96,2019-09-09T08:23:27Z
207258166,https://github.com/wycbz/test,wycbz,2019-09-09T08:11:41Z
207264273,https://github.com/shitamachi/blog-back-end,shitamachi,2019-09-09T08:44:34Z
207267389,https://github.com/chichuot96/Exercise9-TrungNT9,chichuot96,2019-09-09T08:59:54Z
207266504,https://github.com/ClementBouchet/bank-kata,ClementBouchet,2019-09-09T08:55:34Z
207266723,https://github.com/hoanghuucuong10/HHC_Cau1,hoanghuucuong10,2019-09-09T08:56:35Z
207266225,https://github.com/BaoziruqinLRL/util-record,BaoziruqinLRL,2019-09-09T08:54:00Z
207258014,https://github.com/londonappbrewery/bitcoin-ticker-android-rohitsikarwar1998,londonappbrewery,2019-09-09T08:10:50Z
207258290,https://github.com/jdi-templates/jdi-light-saucelabs,jdi-templates,2019-09-09T08:12:15Z
207266484,https://github.com/arddev/komikpunchman,arddev,2019-09-09T08:55:28Z
207265976,https://github.com/czkenz-dev/springboot-oauth2-authorization-server,czkenz-dev,2019-09-09T08:52:47Z
207263260,https://github.com/pljrsontoloy0/Source-Code-Android-Studio-Aplikasi-Calculator,pljrsontoloy0,2019-09-09T08:39:00Z
207264678,https://github.com/umwalidiane69/Cirpher-Ceaser,umwalidiane69,2019-09-09T08:46:30Z
207262018,https://github.com/itsmeow/SkeppyMod,itsmeow,2019-09-09T08:32:22Z
207263070,https://github.com/consistencely/payDemo,consistencely,2019-09-09T08:37:59Z
207266900,https://github.com/dannuclear/SimpleWebApp,dannuclear,2019-09-09T08:57:29Z
207256556,https://github.com/IUTInfoMontp-M3105/TD2,IUTInfoMontp-M3105,2019-09-09T08:03:15Z
207256813,https://github.com/Zerfine/Oblig1,Zerfine,2019-09-09T08:04:37Z
207256966,https://github.com/krmapale/Programming2,krmapale,2019-09-09T08:05:27Z
207259960,https://github.com/strawberry-g/appser,strawberry-g,2019-09-09T08:21:19Z
207261624,https://github.com/ilyl2010/javaWebPro,ilyl2010,2019-09-09T08:30:09Z
207263638,https://github.com/arddev/app-karanganyaroi,arddev,2019-09-09T08:41:12Z
207260778,https://github.com/govardhan-01/Mavensetup,govardhan-01,2019-09-09T08:25:27Z
207258708,https://github.com/githubzsk/Sort,githubzsk,2019-09-09T08:14:28Z
207262576,https://github.com/huakaibai/prictice,huakaibai,2019-09-09T08:35:16Z
207264027,https://github.com/xixingya/mapreduce,xixingya,2019-09-09T08:43:10Z
207263884,https://github.com/rahulkandpal/springboot,rahulkandpal,2019-09-09T08:42:23Z
207256629,https://github.com/liweiyuan/wadeMQ,liweiyuan,2019-09-09T08:03:35Z
207257033,https://github.com/RaviIndasi/DevOps-Project,RaviIndasi,2019-09-09T08:05:50Z
207263978,https://github.com/AnhThuan95/lump-array,AnhThuan95,2019-09-09T08:42:52Z
207264738,https://github.com/Zs-xiazhi/dubbo,Zs-xiazhi,2019-09-09T08:46:49Z
207265240,https://github.com/GodisGod/CompileAnnotation,GodisGod,2019-09-09T08:49:22Z
207260275,https://github.com/mgrgic00/sportQuiz,mgrgic00,2019-09-09T08:22:49Z
207256232,https://github.com/hokaso/JSP-Featured,hokaso,2019-09-09T08:01:27Z
207256427,https://github.com/hashimoto-allsmart/quiz,hashimoto-allsmart,2019-09-09T08:02:33Z
207255995,https://github.com/amazonproject1/raka,amazonproject1,2019-09-09T08:00:03Z
207264401,https://github.com/hansrajpabbati/Data_Structures,hansrajpabbati,2019-09-09T08:45:11Z
207267029,https://github.com/martialshyneychristie/shyney,martialshyneychristie,2019-09-09T08:58:09Z
207265690,https://github.com/flydaxiong/git01,flydaxiong,2019-09-09T08:51:37Z
207259792,https://github.com/SherryXRJ/MyLeetCode,SherryXRJ,2019-09-09T08:20:25Z
207264575,https://github.com/saxfore/icbt-user,saxfore,2019-09-09T08:46:00Z
207263408,https://github.com/Borg22/mamut,Borg22,2019-09-09T08:39:53Z
207265357,https://github.com/Benxxy/BackendWMT,Benxxy,2019-09-09T08:49:58Z
207263440,https://github.com/smurdoch-dev/spring-simple-crud,smurdoch-dev,2019-09-09T08:40:05Z
207264494,https://github.com/Naveenyadav1994/naveen,Naveenyadav1994,2019-09-09T08:45:35Z
207265676,https://github.com/Pushpraj777/emailApp,Pushpraj777,2019-09-09T08:51:31Z
207264093,https://github.com/Rakib1573/my_calculator,Rakib1573,2019-09-09T08:43:32Z
207260972,https://github.com/SungYoon97/food3,SungYoon97,2019-09-09T08:26:28Z
207262053,https://github.com/zgq7/dubbo,zgq7,2019-09-09T08:32:35Z
207259894,https://github.com/DriesJ95/TesteDrieWebComponenten_DRIES,DriesJ95,2019-09-09T08:20:56Z
207259108,https://github.com/GustoStew/pal-tracker,GustoStew,2019-09-09T08:16:41Z
207260379,https://github.com/akashsinghalcoder/dkatalis-akash-singhal-preassessment,akashsinghalcoder,2019-09-09T08:23:23Z
207263625,https://github.com/zhouxiaopengzhang/springboot,zhouxiaopengzhang,2019-09-09T08:41:07Z
207261209,https://github.com/liumidea2018/test201909091627,liumidea2018,2019-09-09T08:27:46Z
207257169,https://github.com/dev-river/BoardProject,dev-river,2019-09-09T08:06:27Z
207259514,https://github.com/yuanjianzhou/generate-mybatis,yuanjianzhou,2019-09-09T08:18:48Z
207258165,https://github.com/bkandemir/design-patterns,bkandemir,2019-09-09T08:11:41Z
207266463,https://github.com/FocusProgram/springboot-quartz,FocusProgram,2019-09-09T08:55:22Z
207256726,https://github.com/mazlanmohdnor/tns-poslaju,mazlanmohdnor,2019-09-09T08:04:09Z
207263564,https://github.com/ArifMahmud/pom-selenium-allure-testng,ArifMahmud,2019-09-09T08:40:49Z
207258729,https://github.com/MichalKandybowicz/quest-java-javagods,MichalKandybowicz,2019-09-09T08:14:34Z
207256282,https://github.com/emilnymann/VariablesAndTypes,emilnymann,2019-09-09T08:01:48Z
207261229,https://github.com/PraveenBashetti/dj,PraveenBashetti,2019-09-09T08:27:53Z
207259561,https://github.com/tavisca-jaideb/TodoAPI,tavisca-jaideb,2019-09-09T08:19:04Z
207256574,https://github.com/SushantYadav2408/Philam_Excutor,SushantYadav2408,2019-09-09T08:03:19Z
207259268,https://github.com/haetao/shardingsphere-benchmark-1,haetao,2019-09-09T08:17:34Z
207266093,https://github.com/JYS1/study01,JYS1,2019-09-09T08:53:18Z
207266439,https://github.com/omarcheriguioc/demo,omarcheriguioc,2019-09-09T08:55:10Z
207264243,https://github.com/sunyawei/threadStudy,sunyawei,2019-09-09T08:44:25Z
207263360,https://github.com/nicodmt/CarDealer,nicodmt,2019-09-09T08:39:38Z
207259436,https://github.com/NhuThuy0411/MyApplication3,NhuThuy0411,2019-09-09T08:18:20Z
207265616,https://github.com/zgluoyang12/client_game_mh,zgluoyang12,2019-09-09T08:51:20Z
207265715,https://github.com/antodg95/LogInThenPost,antodg95,2019-09-09T08:51:42Z
207259921,https://github.com/ranjankumar03/event-logger,ranjankumar03,2019-09-09T08:21:06Z
207260053,https://github.com/tavisca-rchaturvedi/TodoAPI,tavisca-rchaturvedi,2019-09-09T08:21:50Z
207263919,https://github.com/uurcan/AdvancedJava,uurcan,2019-09-09T08:42:35Z
207262130,https://github.com/d-sync/logparsershell,d-sync,2019-09-09T08:32:58Z
207260336,https://github.com/jes89/ReflectionUtil,jes89,2019-09-09T08:23:08Z
207257615,https://github.com/mada5/Spring2019Java,mada5,2019-09-09T08:08:47Z
207257704,https://github.com/sayhellotogithub/Multi-Channel,sayhellotogithub,2019-09-09T08:09:19Z
207260999,https://github.com/sivakalpana/Basicgithub,sivakalpana,2019-09-09T08:26:39Z
207263022,https://github.com/lucaCambi77/alfa,lucaCambi77,2019-09-09T08:37:45Z
207262550,https://github.com/anonymous2598/javape2,anonymous2598,2019-09-09T08:35:07Z
207257041,https://github.com/Sahithya-Kamalapadu/QuakerReport,Sahithya-Kamalapadu,2019-09-09T08:05:51Z
207256769,https://github.com/baldidon/Graph-Drawer-2,baldidon,2019-09-09T08:04:24Z
207267088,https://github.com/gaoshuai2018/kafkaTest,gaoshuai2018,2019-09-09T08:58:27Z
207267148,https://github.com/charly2594/TPS_entrega6,charly2594,2019-09-09T08:58:45Z
207261977,https://github.com/waygazer/interactdx,waygazer,2019-09-09T08:32:12Z
207263352,https://github.com/trankimthuong/javaweek2,trankimthuong,2019-09-09T08:39:36Z
207264604,https://github.com/Tasdid-hossain/target_FYP,Tasdid-hossain,2019-09-09T08:46:08Z
207264893,https://github.com/czkenz-dev/springboot-oauth2-resource-server,czkenz-dev,2019-09-09T08:47:38Z
207258128,https://github.com/zhenzhen555/HelloWorld,zhenzhen555,2019-09-09T08:11:26Z
207264230,https://github.com/WengyXu/Jkit,WengyXu,2019-09-09T08:44:22Z
207266289,https://github.com/DarkLight1337/comp3111h-lab1,DarkLight1337,2019-09-09T08:54:21Z
207266292,https://github.com/snagappagari/raja,snagappagari,2019-09-09T08:54:22Z
207265354,https://github.com/Akumar2146/Stock,Akumar2146,2019-09-09T08:49:58Z
207260154,https://github.com/MautFachinformatiker05/PACMAN,MautFachinformatiker05,2019-09-09T08:22:16Z
207259982,https://github.com/HrBbCi/DLOnMobileFace,HrBbCi,2019-09-09T08:21:28Z
207256332,https://github.com/ChenXueLiang521/demo,ChenXueLiang521,2019-09-09T08:02:05Z
207256015,https://github.com/Cuncis/News-App-LiveData,Cuncis,2019-09-09T08:00:12Z
207256148,https://github.com/HaakonBM/Oblig1GAMMEL,HaakonBM,2019-09-09T08:00:56Z
207259909,https://github.com/pari1855/GitDemo,pari1855,2019-09-09T08:21:03Z
207258994,https://github.com/apeway/test-xml,apeway,2019-09-09T08:16:06Z
207258488,https://github.com/szczepanczyk/lab-maps-sdk-android-display-a-map,szczepanczyk,2019-09-09T08:13:19Z
207258804,https://github.com/XavierScor/COMP3111-lab1,XavierScor,2019-09-09T08:14:57Z
207261761,https://github.com/revathy123/revathy,revathy123,2019-09-09T08:30:57Z
207262632,https://github.com/duchoangitt/TagView,duchoangitt,2019-09-09T08:35:35Z
207263293,https://github.com/JoelDegerman1999/CarDealer,JoelDegerman1999,2019-09-09T08:39:14Z
207267112,https://github.com/pmt199x/PMT_Cau1,pmt199x,2019-09-09T08:58:34Z
207261673,https://github.com/Matiaslys/Learning,Matiaslys,2019-09-09T08:30:26Z
207264052,https://github.com/MrTarget328/financial,MrTarget328,2019-09-09T08:43:19Z
207265829,https://github.com/wuchaofan1997/OpenWeatherPlus-Android-master,wuchaofan1997,2019-09-09T08:52:13Z
207261195,https://github.com/freehoon/u1,freehoon,2019-09-09T08:27:42Z
207262557,https://github.com/pdtx/codeTracker,pdtx,2019-09-09T08:35:09Z
207267239,https://github.com/iagopm/FurnitureMagicDice,iagopm,2019-09-09T08:59:11Z
207257910,https://github.com/memintan/Spring2019JavaPractice,memintan,2019-09-09T08:10:20Z
207260605,https://github.com/laan71/Hello-World4,laan71,2019-09-09T08:24:38Z
207257631,https://github.com/JingLiu-NUI/Large_Scale_Data_Analysis,JingLiu-NUI,2019-09-09T08:08:52Z
207264413,https://github.com/9nature/comp3111_init,9nature,2019-09-09T08:45:15Z
207263938,https://github.com/Surjashish/JAVA-PE2,Surjashish,2019-09-09T08:42:40Z
207266000,https://github.com/s2monx/PMT_Cau1,s2monx,2019-09-09T08:52:53Z
207266104,https://github.com/ITrover/StudentManage,ITrover,2019-09-09T08:53:20Z
207262874,https://github.com/JerryXie98/comp3111-lab1-demo,JerryXie98,2019-09-09T08:36:57Z
207265274,https://github.com/xchengaj-comp3111/Lab1,xchengaj-comp3111,2019-09-09T08:49:32Z
207261381,https://github.com/snail7998/LeetCode,snail7998,2019-09-09T08:28:45Z
207259600,https://github.com/samshers/graphql-hibernate,samshers,2019-09-09T08:19:17Z
207256905,https://github.com/g-gergely/-Chernobyl_Webshop_To_Test,g-gergely,2019-09-09T08:05:07Z
207256985,https://github.com/chandanprasad081/RuPay,chandanprasad081,2019-09-09T08:05:32Z
207259619,https://github.com/ChewJ404/simplerpc,ChewJ404,2019-09-09T08:19:24Z
207267044,https://github.com/Abhinandan-Pal/PRNG-algorithm-bit-change-method,Abhinandan-Pal,2019-09-09T08:58:12Z
207260490,https://github.com/austriapro/ebinterface-xrechnung-mapping,austriapro,2019-09-09T08:23:54Z
207263000,https://github.com/LinHaoting/coolweather,LinHaoting,2019-09-09T08:37:39Z
207260913,https://github.com/p4535992/bug-load-namespace-blueprint,p4535992,2019-09-09T08:26:10Z
207257280,https://github.com/AnthonyVaretz/pal-tracker,AnthonyVaretz,2019-09-09T08:07:04Z
207262093,https://github.com/detelinradev/Work-Item-Managment,detelinradev,2019-09-09T08:32:47Z
207261520,https://github.com/qiuhongyu/demo,qiuhongyu,2019-09-09T08:29:31Z
207262772,https://github.com/quxinyu-lab/coolweather,quxinyu-lab,2019-09-09T08:36:23Z
207267360,https://github.com/csw823197541/cwp_jar_test,csw823197541,2019-09-09T08:59:43Z
207263301,https://github.com/elmoubarky/Spring-batch-app,elmoubarky,2019-09-09T08:39:17Z
207263439,https://github.com/Preethika23/MITank,Preethika23,2019-09-09T08:40:05Z
207258135,https://github.com/krook1024/BBP,krook1024,2019-09-09T08:11:29Z
207265063,https://github.com/jschapinal/teaching-academy,jschapinal,2019-09-09T08:48:23Z
207266013,https://github.com/trongluong337/LuongNguyenDucTrong__16038781,trongluong337,2019-09-09T08:52:56Z
207266627,https://github.com/sqwd12312/jsonTest,sqwd12312,2019-09-09T08:56:06Z
207266666,https://github.com/shaojianying/ssmdemo,shaojianying,2019-09-09T08:56:18Z
207259702,https://github.com/chrisgrollier/pal-tracker,chrisgrollier,2019-09-09T08:19:51Z
207261492,https://github.com/nicetomeetyouyy/Mydemo,nicetomeetyouyy,2019-09-09T08:29:22Z
207258301,https://github.com/EWCMF/LearningProgramming,EWCMF,2019-09-09T08:12:19Z