29227332,https://github.com/spalladino/coursera-image-processing,spalladino,2015-01-14T04:34:40Z
29227108,https://github.com/cgascoig/aci-diagram,cgascoig,2015-01-14T04:24:54Z
29228063,https://github.com/vinayh/rl-sutton-barto,vinayh,2015-01-14T04:59:46Z
29227091,https://github.com/DustinY/VILAN,DustinY,2015-01-14T04:24:13Z
29226872,https://github.com/devalbo/allthepairs,devalbo,2015-01-14T04:17:05Z
29227673,https://github.com/crymble/python-uno,crymble,2015-01-14T04:48:24Z
29228067,https://github.com/franklee233/machine_learning_spamfilter,franklee233,2015-01-14T04:59:56Z
29226526,https://github.com/huangwangping/momo,huangwangping,2015-01-14T04:04:01Z
29226961,https://github.com/veloburnz/foo,veloburnz,2015-01-14T04:20:02Z
29227683,https://github.com/franklee233/nlp_sentiment,franklee233,2015-01-14T04:48:47Z
29227798,https://github.com/technomicssolutions/Online-Examination,technomicssolutions,2015-01-14T04:52:34Z
29226578,https://github.com/kamek-pf/SubFetcher,kamek-pf,2015-01-14T04:06:20Z
29227030,https://github.com/acfletch53/acfletch53.github.io,acfletch53,2015-01-14T04:21:36Z
29227242,https://github.com/scskwirl/oldgames,scskwirl,2015-01-14T04:30:54Z
29227466,https://github.com/majianjun/stories,majianjun,2015-01-14T04:39:55Z
29227371,https://github.com/jmandel/csv-to-fhir-tracker,jmandel,2015-01-14T04:36:11Z
29227949,https://github.com/vaughank92/undefinedoffsetnine,vaughank92,2015-01-14T04:58:04Z
29227056,https://github.com/jlmaynard/yummly_py,jlmaynard,2015-01-14T04:22:57Z
29226558,https://github.com/2089488/tangowithdjango,2089488,2015-01-14T04:05:27Z
29227697,https://github.com/JQGuo/compress,JQGuo,2015-01-14T04:49:32Z
29227395,https://github.com/qiaofengxu/CS7641-Machine-Learning,qiaofengxu,2015-01-14T04:36:58Z