381284158,https://github.com/typebot-io/wordpress,typebot-io,2021-06-29T07:55:22Z
381269909,https://github.com/PriyanshuArora2001/E-Store,PriyanshuArora2001,2021-06-29T07:00:59Z
381282059,https://github.com/JustSteveKing/micro-core,JustSteveKing,2021-06-29T07:47:30Z
381274539,https://github.com/AmardeepKesharwani/starblogs-laravel,AmardeepKesharwani,2021-06-29T07:18:41Z
381280551,https://github.com/lynnagidza/what-works,lynnagidza,2021-06-29T07:42:14Z
381282738,https://github.com/bayualiffarisqi/restapitelemedicine,bayualiffarisqi,2021-06-29T07:50:01Z
381271046,https://github.com/sajuvez/prueba_laravel,sajuvez,2021-06-29T07:04:55Z
381273605,https://github.com/Zzzul/for-um,Zzzul,2021-06-29T07:15:02Z
381281602,https://github.com/lg970044/stdp-tp6,lg970044,2021-06-29T07:45:51Z
381273512,https://github.com/rajankarmakar/react-demo-starter,rajankarmakar,2021-06-29T07:14:42Z
381276344,https://github.com/Ragavendra123/Ragavendra123,Ragavendra123,2021-06-29T07:26:01Z
381271519,https://github.com/tenzan/ticketdemo,tenzan,2021-06-29T07:06:48Z
381284386,https://github.com/ryuta06012/ft_server,ryuta06012,2021-06-29T07:56:12Z
381273507,https://github.com/xpmostar/chess,xpmostar,2021-06-29T07:14:40Z
381272186,https://github.com/yeisonavilag/testevaluacion,yeisonavilag,2021-06-29T07:09:29Z
381275807,https://github.com/adriancovaci/sales-crm,adriancovaci,2021-06-29T07:23:57Z
381270466,https://github.com/akhur/yii2-sberpay,akhur,2021-06-29T07:02:49Z
381278713,https://github.com/GuyPuts/2IC80-Project,GuyPuts,2021-06-29T07:35:10Z
381276345,https://github.com/dvajta/lara-vuex,dvajta,2021-06-29T07:26:02Z
381277787,https://github.com/rajusunagar/Online-voting-system,rajusunagar,2021-06-29T07:31:18Z
381269893,https://github.com/Yasin-sys/univ,Yasin-sys,2021-06-29T07:00:55Z
381271005,https://github.com/okorieebube/bayofBackEnd,okorieebube,2021-06-29T07:04:45Z
381270696,https://github.com/amineAUPEC/kajan-php,amineAUPEC,2021-06-29T07:03:34Z
381272164,https://github.com/backdrop-contrib/imagewebp,backdrop-contrib,2021-06-29T07:09:21Z
381277833,https://github.com/didembilgihan/Bookmark-Management-System,didembilgihan,2021-06-29T07:31:30Z
381277861,https://github.com/tienpham2009/laravel-blog_i18n,tienpham2009,2021-06-29T07:31:35Z
381279972,https://github.com/mateusdomelowj/projeto-buscador-de-cursos-composer-alura,mateusdomelowj,2021-06-29T07:39:56Z
381274326,https://github.com/Yuri1011/WebF,Yuri1011,2021-06-29T07:17:47Z
381284030,https://github.com/FantinRaimbault/laravel-esgi,FantinRaimbault,2021-06-29T07:54:54Z
381278580,https://github.com/EngagingTerror/Laravel-8-,EngagingTerror,2021-06-29T07:34:40Z
381278234,https://github.com/Elizabethelu/wpl-lab,Elizabethelu,2021-06-29T07:33:11Z
381276224,https://github.com/namanh99/namanh,namanh99,2021-06-29T07:25:35Z
381283179,https://github.com/SarahKayiwa/myfirstphpcode,SarahKayiwa,2021-06-29T07:51:39Z
381284934,https://github.com/BilksyiAndii/DeliveryCore,BilksyiAndii,2021-06-29T07:58:10Z
381271735,https://github.com/VallienneDiane/POO_Combat,VallienneDiane,2021-06-29T07:07:38Z
381274632,https://github.com/LoicLeTeno/Exo3_laravel_routes,LoicLeTeno,2021-06-29T07:19:02Z
381271432,https://github.com/webdesignvista/Laaki-Simple-Banner,webdesignvista,2021-06-29T07:06:26Z
381270860,https://github.com/lagorma/Expense_Tracker_MIPT,lagorma,2021-06-29T07:04:09Z
381284569,https://github.com/jainaaka/testrepo,jainaaka,2021-06-29T07:56:56Z
381282582,https://github.com/srujanvalaboju/files,srujanvalaboju,2021-06-29T07:49:32Z
381282200,https://github.com/ArturRakhmatulin/my-site,ArturRakhmatulin,2021-06-29T07:48:02Z
381282295,https://github.com/hothichau/intern-fullstaq,hothichau,2021-06-29T07:48:27Z
381275078,https://github.com/polag/todo-list,polag,2021-06-29T07:20:53Z
381281810,https://github.com/exhum4n/components,exhum4n,2021-06-29T07:46:35Z
381275701,https://github.com/Yakamoz-dev/Waterdrop,Yakamoz-dev,2021-06-29T07:23:31Z
381275769,https://github.com/pavadaran/OneDrop,pavadaran,2021-06-29T07:23:47Z
381276258,https://github.com/mk3390/twi,mk3390,2021-06-29T07:25:42Z
381284587,https://github.com/AnushilKarki/cyberlifetech,AnushilKarki,2021-06-29T07:57:00Z
381269966,https://github.com/SBekzod/project_phpgnu,SBekzod,2021-06-29T07:01:14Z
381281371,https://github.com/izzanka/pos,izzanka,2021-06-29T07:45:02Z
381272199,https://github.com/bogdanlinitskiy/newg_media_test,bogdanlinitskiy,2021-06-29T07:09:31Z
381285298,https://github.com/makoto-koshiba/schedule-board,makoto-koshiba,2021-06-29T07:59:29Z
381283113,https://github.com/ducbl98/M3_Laravel_L11_Blog_i18n,ducbl98,2021-06-29T07:51:25Z
381278167,https://github.com/CactusB0y/laravel_extends_correction,CactusB0y,2021-06-29T07:32:52Z
381274667,https://github.com/wikimedia/mediawiki-extensions-EmailDeletedPages,wikimedia,2021-06-29T07:19:11Z
381271106,https://github.com/musosy/hackathon-28-30-june,musosy,2021-06-29T07:05:09Z
381280048,https://github.com/MohammedBh/Laravel_Extends_Yield_Exo2,MohammedBh,2021-06-29T07:40:13Z
381275162,https://github.com/mre9798/S1-All-Lab-Codes,mre9798,2021-06-29T07:21:18Z
381277785,https://github.com/johndrake31/HB_Framework_Test,johndrake31,2021-06-29T07:31:17Z
381284105,https://github.com/mohssine92/api-rest-ful-laravel,mohssine92,2021-06-29T07:55:08Z
381280096,https://github.com/Musdalifahalifah/Laravel4C_tugas3,Musdalifahalifah,2021-06-29T07:40:26Z
381284767,https://github.com/heshanu/php-login-ajax,heshanu,2021-06-29T07:57:37Z
381285230,https://github.com/Wiam-M/PHP_Partie7,Wiam-M,2021-06-29T07:59:11Z
381280932,https://github.com/bdadev2000/eCom-en-laravel,bdadev2000,2021-06-29T07:43:30Z
381280952,https://github.com/suptan/book-shelf,suptan,2021-06-29T07:43:36Z
381274200,https://github.com/yogalfardzky04/elearning,yogalfardzky04,2021-06-29T07:17:18Z
381274288,https://github.com/Najeebbrohi/Php-Shopping-Cart,Najeebbrohi,2021-06-29T07:17:38Z
381271786,https://github.com/Gromfer71/botman-driver-vk-for-sk-taxi,Gromfer71,2021-06-29T07:07:48Z
381279465,https://github.com/MohammedBh/Laravel_Extends_Yield_Exo1,MohammedBh,2021-06-29T07:38:00Z
381278644,https://github.com/alamin15-2981/laravel_course,alamin15-2981,2021-06-29T07:34:54Z
381280122,https://github.com/fowr/Prespective,fowr,2021-06-29T07:40:31Z
381280423,https://github.com/aleko21/Adaptive-Learning-Locking,aleko21,2021-06-29T07:41:42Z
381278257,https://github.com/fiztan/picado-admin,fiztan,2021-06-29T07:33:16Z
381280498,https://github.com/arzyfinly/todolist,arzyfinly,2021-06-29T07:42:01Z
381270164,https://github.com/adyev/CocialNetsStat,adyev,2021-06-29T07:01:55Z
381274803,https://github.com/mamun464/Aysha-s-Recipe-WordPress,mamun464,2021-06-29T07:19:47Z
381281440,https://github.com/Vidhi6340/coloredcow,Vidhi6340,2021-06-29T07:45:16Z
381281774,https://github.com/BhavyaJ27/Colored-Cow-Task-2,BhavyaJ27,2021-06-29T07:46:28Z
381281795,https://github.com/nolstagia/PROJECT_QuanLyPhongTro,nolstagia,2021-06-29T07:46:31Z
381284836,https://github.com/chano256/level6_models,chano256,2021-06-29T07:57:48Z
381276509,https://github.com/abhijeetkawale/phpfiles,abhijeetkawale,2021-06-29T07:26:36Z
381272849,https://github.com/alfianbayu11/data_pegawai,alfianbayu11,2021-06-29T07:12:06Z
381276146,https://github.com/MariaEfimovaGGWP/books,MariaEfimovaGGWP,2021-06-29T07:25:18Z
381275464,https://github.com/Dominic2681998/S1WPL,Dominic2681998,2021-06-29T07:22:35Z
381273803,https://github.com/Najeebbrohi/Insert-Data-in-Database-Ajax,Najeebbrohi,2021-06-29T07:15:48Z
381280033,https://github.com/abhi-shek-16506/assignment5,abhi-shek-16506,2021-06-29T07:40:08Z
381270038,https://github.com/kav31289/eltarek,kav31289,2021-06-29T07:01:31Z
381279378,https://github.com/sayrus383/beauty,sayrus383,2021-06-29T07:37:40Z
381279283,https://github.com/Sastaras/BearOffice,Sastaras,2021-06-29T07:37:21Z
381273694,https://github.com/Johnny-Y/ThinkAI,Johnny-Y,2021-06-29T07:15:23Z
381285390,https://github.com/mtsdnsh/docker-laravel,mtsdnsh,2021-06-29T07:59:49Z
381272567,https://github.com/dev-soumya-naskar/custom-login-system-laravel8,dev-soumya-naskar,2021-06-29T07:11:01Z
381270576,https://github.com/syhbandi/RFM,syhbandi,2021-06-29T07:03:10Z
381275097,https://github.com/LucasBokser/mini-projet-formulaire,LucasBokser,2021-06-29T07:20:58Z
381271507,https://github.com/hsaifee1103/ecommerce,hsaifee1103,2021-06-29T07:06:45Z