347299,https://github.com/kochhar/pyrabj,kochhar,2009-10-23T15:12:06Z
347323,https://github.com/incuna/django-forum-pinax,incuna,2009-10-23T15:40:17Z