61828001,https://github.com/Edujugon/PushNotification,Edujugon,2016-06-23T18:34:01Z
61827921,https://github.com/jansenfelipe/phpstring,jansenfelipe,2016-06-23T18:32:40Z
61829387,https://github.com/BigBearTech/Attachments,BigBearTech,2016-06-23T18:58:25Z
61827865,https://github.com/gabrielhruza/simplepagination,gabrielhruza,2016-06-23T18:31:51Z
61828267,https://github.com/tronsmit/todo-report,tronsmit,2016-06-23T18:38:30Z
61828312,https://github.com/mastinux/PD1_2016_07_project,mastinux,2016-06-23T18:39:15Z
61825965,https://github.com/tiennv02/training_symfony,tiennv02,2016-06-23T18:01:30Z
61827944,https://github.com/anyzicky/symfony-akomo-template,anyzicky,2016-06-23T18:33:05Z
61827780,https://github.com/any24/anavado.com,any24,2016-06-23T18:30:24Z
61828757,https://github.com/DefaultXYZ/Phalcon_LinksAPI,DefaultXYZ,2016-06-23T18:47:11Z
61828825,https://github.com/inoplate/inoplate,inoplate,2016-06-23T18:48:09Z
61829291,https://github.com/contentools/wp-contentools,contentools,2016-06-23T18:56:41Z
61828562,https://github.com/oskry/towary-lechpol,oskry,2016-06-23T18:43:34Z
61829379,https://github.com/Rjak/briggo_cms,Rjak,2016-06-23T18:58:16Z
61828389,https://github.com/ZornitsaSD/application,ZornitsaSD,2016-06-23T18:40:30Z
61828942,https://github.com/adaMesser/flag_theme,adaMesser,2016-06-23T18:49:59Z
61828545,https://github.com/McMalloc/ik3,McMalloc,2016-06-23T18:43:13Z
61827199,https://github.com/sreavis/Collapsed,sreavis,2016-06-23T18:21:02Z
61829318,https://github.com/koiie111/StrongCMS,koiie111,2016-06-23T18:57:10Z
61827013,https://github.com/ThEmKay/runenwald,ThEmKay,2016-06-23T18:18:01Z
61827930,https://github.com/kwan3217/idl,kwan3217,2016-06-23T18:32:50Z
61826255,https://github.com/ticoISC/SitioWebCluster,ticoISC,2016-06-23T18:05:53Z
61827799,https://github.com/DojoDev/dojo-framework,DojoDev,2016-06-23T18:30:40Z
61828451,https://github.com/mark-roma/themesample,mark-roma,2016-06-23T18:41:38Z
61827484,https://github.com/GoldStar91/Slim_V1.0,GoldStar91,2016-06-23T18:25:40Z
61827895,https://github.com/edi/riot-api-wrapper,edi,2016-06-23T18:32:11Z
61826653,https://github.com/legendaryweb/GitHub_issues_list_app,legendaryweb,2016-06-23T18:13:01Z
61829331,https://github.com/hector96/PDO,hector96,2016-06-23T18:57:22Z
61828249,https://github.com/welintonandrey/leem_user_qualitativetest,welintonandrey,2016-06-23T18:38:12Z
61826470,https://github.com/5ganes/dadoloremsap,5ganes,2016-06-23T18:10:14Z