110543621,https://github.com/darkonhub/darkon,darkonhub,2017-11-13T12:09:15Z
110545762,https://github.com/SeanLee97/nlp_learning,SeanLee97,2017-11-13T12:31:13Z
110544832,https://github.com/zhuima/daohang,zhuima,2017-11-13T12:21:25Z
110548292,https://github.com/cilame/any-whim,cilame,2017-11-13T12:55:41Z
110548066,https://github.com/cfelton/filter-blocks,cfelton,2017-11-13T12:53:38Z
110544687,https://github.com/rennancockles/jaiminho_bot,rennancockles,2017-11-13T12:19:59Z
110547663,https://github.com/zhangrongwu/jd_buy,zhangrongwu,2017-11-13T12:49:34Z
110543838,https://github.com/quartiq/xilinx-bitstream,quartiq,2017-11-13T12:11:34Z
110547228,https://github.com/mystic-cg/MachineLearning,mystic-cg,2017-11-13T12:45:36Z
110544635,https://github.com/GetJenny/starchat_telegram_bot,GetJenny,2017-11-13T12:19:27Z
110547967,https://github.com/the-spectator/Mail-Reader,the-spectator,2017-11-13T12:52:43Z
110544906,https://github.com/daniellefenech/SERBob,daniellefenech,2017-11-13T12:22:08Z
110545140,https://github.com/larray-project/releaser,larray-project,2017-11-13T12:24:50Z
110543693,https://github.com/BillChiu-tw/cmyDeVISE,BillChiu-tw,2017-11-13T12:09:56Z
110542794,https://github.com/i5misswrong/CA_MATPLOTLIB,i5misswrong,2017-11-13T12:00:20Z
110542777,https://github.com/peterpeterp/persistence_in_HAPPI,peterpeterp,2017-11-13T12:00:09Z
110548260,https://github.com/dadelforge/TSAR,dadelforge,2017-11-13T12:55:20Z
110546124,https://github.com/Seitanas/REST-SMPP,Seitanas,2017-11-13T12:34:41Z
110544441,https://github.com/secjey/pentest-essentials,secjey,2017-11-13T12:17:30Z
110547439,https://github.com/stenSture666/Astroid_2,stenSture666,2017-11-13T12:47:23Z
110545225,https://github.com/davidkipstar/bz-scraper,davidkipstar,2017-11-13T12:25:40Z
110543171,https://github.com/Rahul-J94/Machine_Learning,Rahul-J94,2017-11-13T12:04:07Z
110543891,https://github.com/piojanu/DeepRLBootcamp2017,piojanu,2017-11-13T12:12:04Z
110544555,https://github.com/braveghz/PracPython,braveghz,2017-11-13T12:18:38Z
110543406,https://github.com/GoGoTryAgain/PythonScript,GoGoTryAgain,2017-11-13T12:06:43Z
110543731,https://github.com/ydjiang234/Design,ydjiang234,2017-11-13T12:10:27Z
110544137,https://github.com/novelt/nga-vts-analyses,novelt,2017-11-13T12:14:31Z
110547255,https://github.com/arcub/driverless-cars-2017,arcub,2017-11-13T12:45:50Z
110545255,https://github.com/guinslym/python-color-palette,guinslym,2017-11-13T12:26:06Z
110546246,https://github.com/Mingmingchina1996/PythonHomework1,Mingmingchina1996,2017-11-13T12:35:54Z
110546448,https://github.com/OneGov/onegov.pdf,OneGov,2017-11-13T12:38:03Z
110543669,https://github.com/ydjiang234/CVGM,ydjiang234,2017-11-13T12:09:44Z
110543144,https://github.com/vladimirsvsv77/talking_robot,vladimirsvsv77,2017-11-13T12:03:53Z
110544175,https://github.com/QiuShuiZ/Sever_Test,QiuShuiZ,2017-11-13T12:14:52Z
110543991,https://github.com/jmcoder1/redditRepostsBot,jmcoder1,2017-11-13T12:13:03Z
110548305,https://github.com/ImmortalFish/tongding,ImmortalFish,2017-11-13T12:55:47Z
110545919,https://github.com/zhongxiongjian/mysite,zhongxiongjian,2017-11-13T12:32:48Z
110546158,https://github.com/linyiju/Python_pttCrawler,linyiju,2017-11-13T12:35:00Z
110545857,https://github.com/gimenezu/Projects,gimenezu,2017-11-13T12:32:14Z
110548039,https://github.com/tardis-sn/tardis-widget,tardis-sn,2017-11-13T12:53:21Z
110545104,https://github.com/yxflovewl/-Python,yxflovewl,2017-11-13T12:24:27Z
110548051,https://github.com/AniaMakes/CSHC-list-of-games,AniaMakes,2017-11-13T12:53:28Z
110547000,https://github.com/shaheer08/internship.github.io,shaheer08,2017-11-13T12:43:18Z
110543835,https://github.com/Richard-Lynch/IntApps_MicroServices,Richard-Lynch,2017-11-13T12:11:32Z
110548687,https://github.com/valerkkka/FourthHWPython,valerkkka,2017-11-13T12:59:47Z
110545004,https://github.com/johnmmm/ANN-assignment4,johnmmm,2017-11-13T12:23:25Z
110545024,https://github.com/mediaintegrati/camera,mediaintegrati,2017-11-13T12:23:36Z
110547221,https://github.com/pawel-slowik/openbox-tmux-pipe-menu,pawel-slowik,2017-11-13T12:45:32Z
110544549,https://github.com/ydjiang234/IDA,ydjiang234,2017-11-13T12:18:34Z
110547733,https://github.com/hluffy/idencode,hluffy,2017-11-13T12:50:09Z
110546461,https://github.com/Yunus782/YunusPython,Yunus782,2017-11-13T12:38:08Z
110547033,https://github.com/xianfuxing/mxonline,xianfuxing,2017-11-13T12:43:43Z
110543382,https://github.com/tombody/django-rest-api,tombody,2017-11-13T12:06:28Z
110543590,https://github.com/metasophiea/practiceRepo,metasophiea,2017-11-13T12:08:53Z
110543751,https://github.com/kmcyjm/apache-log-parser,kmcyjm,2017-11-13T12:10:38Z
110545407,https://github.com/Shauryadhaka/tangowithdjango,Shauryadhaka,2017-11-13T12:27:35Z
110544245,https://github.com/illiapasichnichenko/learning-preferences,illiapasichnichenko,2017-11-13T12:15:35Z
110546851,https://github.com/wewantwade/wade.com,wewantwade,2017-11-13T12:41:54Z
110544609,https://github.com/ydjiang234/PyPlot,ydjiang234,2017-11-13T12:19:11Z
110544778,https://github.com/timbaru/python-homework,timbaru,2017-11-13T12:20:41Z
110543569,https://github.com/li-ma/data-science,li-ma,2017-11-13T12:08:38Z
110545862,https://github.com/elertan/HR-Minigames,elertan,2017-11-13T12:32:17Z
110543265,https://github.com/Darius-Wattimena/Project-2,Darius-Wattimena,2017-11-13T12:05:06Z
110546039,https://github.com/cftexukeqin/zlketang,cftexukeqin,2017-11-13T12:33:56Z
110546993,https://github.com/FABLE-3DXRD/xfab,FABLE-3DXRD,2017-11-13T12:43:14Z
110547534,https://github.com/ssdh233/music-game-map-generator,ssdh233,2017-11-13T12:48:10Z
110546163,https://github.com/nachwon/fb_login_practice,nachwon,2017-11-13T12:35:05Z
110546727,https://github.com/kaiserbrito/Django-App,kaiserbrito,2017-11-13T12:40:44Z
110543132,https://github.com/SandraTuimil/memento_idea,SandraTuimil,2017-11-13T12:03:47Z
110545685,https://github.com/Wangweilai1/TensorFlow-Code,Wangweilai1,2017-11-13T12:30:25Z
110548037,https://github.com/Mike-n1/UrlGrabber,Mike-n1,2017-11-13T12:53:20Z
110547768,https://github.com/mntechnique/tp_epi,mntechnique,2017-11-13T12:50:32Z
110545505,https://github.com/jnphilipp/django_apiauth,jnphilipp,2017-11-13T12:28:37Z
110545430,https://github.com/ranael-garem/drf_crud_generator,ranael-garem,2017-11-13T12:27:46Z
110547723,https://github.com/Myoshu/ud953_Linear_Algebra_Refresher_Course,Myoshu,2017-11-13T12:50:05Z
110546099,https://github.com/ArielNing/clustering-algorithm,ArielNing,2017-11-13T12:34:30Z
110546874,https://github.com/KomorebiL/web-server,KomorebiL,2017-11-13T12:42:10Z
110545215,https://github.com/Alienmaster/GWVSearch,Alienmaster,2017-11-13T12:25:35Z
110544091,https://github.com/ktlp/PyCheck,ktlp,2017-11-13T12:14:03Z
110547652,https://github.com/julians/scrapper,julians,2017-11-13T12:49:29Z
110544087,https://github.com/IGITUGraz/sdict,IGITUGraz,2017-11-13T12:14:01Z
110546433,https://github.com/rahhulramc/Desktop_Search,rahhulramc,2017-11-13T12:37:51Z
110548185,https://github.com/blayson/dj-library,blayson,2017-11-13T12:54:36Z
110548272,https://github.com/nayakrahul/WordVector,nayakrahul,2017-11-13T12:55:27Z
110542946,https://github.com/abskjha/fbDevC,abskjha,2017-11-13T12:01:52Z
110542871,https://github.com/vickyarp/MITx-6.00.1x,vickyarp,2017-11-13T12:01:03Z
110547984,https://github.com/ksuchak1990/concert_scraper,ksuchak1990,2017-11-13T12:52:48Z
110544043,https://github.com/wpoely86/pyclowder2,wpoely86,2017-11-13T12:13:36Z
110544656,https://github.com/Seeingsunshion/Python-Data-Structure,Seeingsunshion,2017-11-13T12:19:41Z
110544418,https://github.com/ydjiang234/Regression,ydjiang234,2017-11-13T12:17:18Z
110546130,https://github.com/ItachiUchiha001/New-REP,ItachiUchiha001,2017-11-13T12:34:43Z
110546239,https://github.com/xxxspy/psychologyParadims,xxxspy,2017-11-13T12:35:50Z
110547194,https://github.com/shaikshareef99/Email-Spam-Filter,shaikshareef99,2017-11-13T12:45:16Z
110544308,https://github.com/linyiju/python_NewsReports,linyiju,2017-11-13T12:16:18Z
110545153,https://github.com/DaYiDeLK/MNIST_learning,DaYiDeLK,2017-11-13T12:24:57Z
110545942,https://github.com/Python-script-writer/example-script,Python-script-writer,2017-11-13T12:33:00Z
110547034,https://github.com/itbc-bin/owe2a-afvinkopdracht1-Anne2GIT,itbc-bin,2017-11-13T12:43:43Z
110544275,https://github.com/rimon107/ViolinErrorVoronoiChartPython,rimon107,2017-11-13T12:15:53Z
110544356,https://github.com/jasonchanhku/GUIProgramming,jasonchanhku,2017-11-13T12:16:47Z
110546144,https://github.com/laudb/simple_widget_project,laudb,2017-11-13T12:34:54Z
110542828,https://github.com/PengYaooo/test,PengYaooo,2017-11-13T12:00:37Z
110548587,https://github.com/crizzs/log_reader,crizzs,2017-11-13T12:58:45Z
110546968,https://github.com/Werewolfas/MarshalasTelegramBot,Werewolfas,2017-11-13T12:43:04Z
110544494,https://github.com/ydjiang234/GroundMotion,ydjiang234,2017-11-13T12:18:00Z
110543154,https://github.com/Lopsanz/myodoomodules,Lopsanz,2017-11-13T12:03:59Z
110543240,https://github.com/FKTodd/python,FKTodd,2017-11-13T12:04:50Z
110547737,https://github.com/vansl/QQRobotGit,vansl,2017-11-13T12:50:12Z
110547291,https://github.com/sskunz/sskunz.github.io,sskunz,2017-11-13T12:46:09Z
110544740,https://github.com/XinLuETH/characterization-of-response-matrix,XinLuETH,2017-11-13T12:20:23Z
110545299,https://github.com/czheo/rados-objver,czheo,2017-11-13T12:26:33Z
110543189,https://github.com/ItachiUchiha001/Hello-World,ItachiUchiha001,2017-11-13T12:04:19Z
110545125,https://github.com/JYeop/kaggleCompetition,JYeop,2017-11-13T12:24:40Z
110544339,https://github.com/jianghailongdroi1/51CTOStudy1,jianghailongdroi1,2017-11-13T12:16:36Z
110544794,https://github.com/110chang/django-form,110chang,2017-11-13T12:20:52Z
110543451,https://github.com/awesome-linus/sample_code_python,awesome-linus,2017-11-13T12:07:20Z
110543875,https://github.com/xiaoxinganling/awesome-python3-webapp,xiaoxinganling,2017-11-13T12:11:53Z
110543954,https://github.com/vasiuadriana/python-challenge,vasiuadriana,2017-11-13T12:12:43Z
110547795,https://github.com/tomd100/stream3_todo2,tomd100,2017-11-13T12:50:48Z
110547849,https://github.com/mattbingham/fsnd-restaurantmenu,mattbingham,2017-11-13T12:51:22Z