26662204,https://github.com/turanct/railway,turanct,2014-11-14T23:27:00Z
26662726,https://github.com/rubenarslan/attentionbias,rubenarslan,2014-11-14T23:49:10Z
26662106,https://github.com/gobline/translator,gobline,2014-11-14T23:23:48Z
26662392,https://github.com/beezee/mabanditdemo,beezee,2014-11-14T23:34:51Z
26662520,https://github.com/NuCivic/taxonomy_to_facet_link,NuCivic,2014-11-14T23:39:42Z
26661982,https://github.com/rothgar/msit570,rothgar,2014-11-14T23:19:55Z
26661517,https://github.com/ab5w/cPanel_unlimited_mailquotas.class.php,ab5w,2014-11-14T23:05:07Z
26662873,https://github.com/X-Vlad/Proxy-Grabber,X-Vlad,2014-11-14T23:54:50Z
26662990,https://github.com/friendsoft/radiorecorder,friendsoft,2014-11-14T23:59:23Z
26661635,https://github.com/johngriner91/Database,johngriner91,2014-11-14T23:08:20Z
26661639,https://github.com/dmeikle/php-validation,dmeikle,2014-11-14T23:08:23Z
26661404,https://github.com/html-rt/1,html-rt,2014-11-14T23:00:27Z
26662725,https://github.com/outsideopen/oo-user-info,outsideopen,2014-11-14T23:49:09Z
26662859,https://github.com/amir-toly/php_tutorial,amir-toly,2014-11-14T23:54:29Z
26662860,https://github.com/ifatalapple/wp_customtheme_grunt_sass,ifatalapple,2014-11-14T23:54:29Z
26662320,https://github.com/delnaz/Web-Technologies,delnaz,2014-11-14T23:31:51Z
26661802,https://github.com/MineTheCube/OverCms-Test-WebHost,MineTheCube,2014-11-14T23:13:51Z
26661925,https://github.com/Joelwarren/wp_theme,Joelwarren,2014-11-14T23:17:43Z
26662567,https://github.com/tr4nt0r/vr-pay-virtuell,tr4nt0r,2014-11-14T23:42:10Z
26662687,https://github.com/tr4nt0r/xtshippingbyclass,tr4nt0r,2014-11-14T23:47:42Z
26662644,https://github.com/G470/su-game-webapp,G470,2014-11-14T23:45:36Z
26661648,https://github.com/crazyyy/crazyyy.net.ua,crazyyy,2014-11-14T23:08:39Z
26661533,https://github.com/isaacrdz/idlgre,isaacrdz,2014-11-14T23:05:33Z
26661626,https://github.com/highercomve/wordpress_ew,highercomve,2014-11-14T23:08:10Z
26662101,https://github.com/pionnertech/smpoints,pionnertech,2014-11-14T23:23:39Z