12858195,https://github.com/Deathnerd/EKULMS,Deathnerd,2013-09-16T04:04:28Z
12858628,https://github.com/FujiU/Hello-World,FujiU,2013-09-16T04:37:18Z
12858642,https://github.com/tekometer/companyprofiler,tekometer,2013-09-16T04:38:28Z
12858917,https://github.com/mariofuentealba/agf2,mariofuentealba,2013-09-16T04:59:56Z
12858326,https://github.com/mvlandys/MicroMVC-Service,mvlandys,2013-09-16T04:14:09Z
12858363,https://github.com/tutweb/Proteksi-CSS-Dengan-PHP,tutweb,2013-09-16T04:17:04Z
12858528,https://github.com/pontago/php-IECom,pontago,2013-09-16T04:29:20Z