87982506,https://github.com/tasdikrahman/markovipy,tasdikrahman,2017-04-11T21:50:09Z
87980372,https://github.com/hkm/hkmfire.py,hkm,2017-04-11T21:18:55Z
87981387,https://github.com/jimmyodonnell/PrimerDesign,jimmyodonnell,2017-04-11T21:33:58Z
87981698,https://github.com/genzen2103/Multi-class-to-Binary-Reduction-of-cost-sensitive-classification,genzen2103,2017-04-11T21:38:06Z
87980618,https://github.com/release-engineering/fedmsg_meta_umb,release-engineering,2017-04-11T21:22:32Z
87979716,https://github.com/WaveShapePlay/ArduinoPyserialComConnect,WaveShapePlay,2017-04-11T21:10:14Z
87982970,https://github.com/hanshaze/pineapple-wifite,hanshaze,2017-04-11T21:56:57Z
87981512,https://github.com/missteeq/my-first-blog,missteeq,2017-04-11T21:35:35Z
87982785,https://github.com/rcs333/NovelVirusSeq,rcs333,2017-04-11T21:54:26Z
87982205,https://github.com/FNNDSC/pfurl,FNNDSC,2017-04-11T21:45:59Z
87979616,https://github.com/Att4ck3rS3cur1ty/Python_para_desenvolvedores-Exemplos-do-livro,Att4ck3rS3cur1ty,2017-04-11T21:09:01Z
87981271,https://github.com/kthlo/search-app-documents,kthlo,2017-04-11T21:32:14Z
87981795,https://github.com/markrity/ScientificSW-Ex1-StockPricePrediction,markrity,2017-04-11T21:39:32Z
87981596,https://github.com/Meirdrarel/galcin,Meirdrarel,2017-04-11T21:36:44Z
87982488,https://github.com/nickdelgrosso/tripadvisor_convert,nickdelgrosso,2017-04-11T21:49:54Z
87982828,https://github.com/cxz/noaa,cxz,2017-04-11T21:54:58Z
87980817,https://github.com/DylanMeeus/InsaniText,DylanMeeus,2017-04-11T21:25:03Z
87981560,https://github.com/jordanott/Matlab-Scraper,jordanott,2017-04-11T21:36:19Z
87981056,https://github.com/andrewcukierwar/NBA-Lineup-Clustering,andrewcukierwar,2017-04-11T21:28:37Z
87982523,https://github.com/karensawrey/wwcode_mit_spring2017,karensawrey,2017-04-11T21:50:20Z
87980490,https://github.com/kamanov/vk_social,kamanov,2017-04-11T21:20:50Z
87980154,https://github.com/K-Arora/engineapp,K-Arora,2017-04-11T21:16:12Z
87981697,https://github.com/COHRINT/audio_research,COHRINT,2017-04-11T21:38:05Z
87979820,https://github.com/sirebellum/leanboard,sirebellum,2017-04-11T21:11:47Z
87981968,https://github.com/MatheusAD95/dccnet,MatheusAD95,2017-04-11T21:42:09Z
87981908,https://github.com/sheldak/GTA,sheldak,2017-04-11T21:41:16Z
87980908,https://github.com/huanqi/yelp-crawler,huanqi,2017-04-11T21:26:25Z
87980876,https://github.com/zombie-einstein/binary_divisor_tree,zombie-einstein,2017-04-11T21:25:53Z
87979890,https://github.com/fuadhuseynov/University_API,fuadhuseynov,2017-04-11T21:12:43Z
87982223,https://github.com/rwieczorek/MongoDBtraining,rwieczorek,2017-04-11T21:46:16Z
87979693,https://github.com/exvargos/CS440---Artificial-Intelligence,exvargos,2017-04-11T21:09:52Z
87979708,https://github.com/dcherian/chipy,dcherian,2017-04-11T21:10:06Z
87980379,https://github.com/aguzman10/Client-Server-Python,aguzman10,2017-04-11T21:19:03Z
87979029,https://github.com/tairovec/test,tairovec,2017-04-11T21:01:48Z
87980879,https://github.com/skumar529/cyberlab,skumar529,2017-04-11T21:25:56Z
87981435,https://github.com/xSparkz/PoliceDashPad,xSparkz,2017-04-11T21:34:38Z
87982346,https://github.com/adarshsuman/scraping,adarshsuman,2017-04-11T21:47:53Z
87981796,https://github.com/jason7sc/Ball_Balancer,jason7sc,2017-04-11T21:39:32Z
87980294,https://github.com/Diusrex/Machine-Learning-Implementations,Diusrex,2017-04-11T21:17:50Z
87980813,https://github.com/sidd5sci/games,sidd5sci,2017-04-11T21:25:01Z
87978979,https://github.com/saurav-malani/Tetris-PythonGame,saurav-malani,2017-04-11T21:01:21Z
87980231,https://github.com/angietibbs618/movies,angietibbs618,2017-04-11T21:17:13Z
87982627,https://github.com/jzmcke/coursera_sigpro,jzmcke,2017-04-11T21:51:56Z
87982538,https://github.com/csjohns/2017-04-11-UW_tttsample,csjohns,2017-04-11T21:50:36Z
87982139,https://github.com/lccool6683/Encrypted-Chat-Server-Client,lccool6683,2017-04-11T21:45:11Z
87983147,https://github.com/nathanlwebster/udacity-templates-lesson2,nathanlwebster,2017-04-11T21:59:53Z
87978999,https://github.com/raviolli77/connectingPostgreSQLDatabase,raviolli77,2017-04-11T21:01:36Z
87982614,https://github.com/ablindedgitacctforreview/OPMI-D-16-00024-blinded-repository,ablindedgitacctforreview,2017-04-11T21:51:46Z
87979871,https://github.com/xemilyx/srp2017,xemilyx,2017-04-11T21:12:27Z
87979911,https://github.com/anoncatface/multi_shell_handler,anoncatface,2017-04-11T21:13:01Z
87982582,https://github.com/atombaby/2017-07-15-cc,atombaby,2017-04-11T21:51:18Z
87982078,https://github.com/Norime/Repertoire,Norime,2017-04-11T21:44:08Z
87981088,https://github.com/golapraj/Assembly-Line-Balancing-by-Linear-Programming,golapraj,2017-04-11T21:29:09Z
87982340,https://github.com/mwdonoghue/grapher,mwdonoghue,2017-04-11T21:47:45Z
87981982,https://github.com/EvanFrostone/Relational-Databases-Class,EvanFrostone,2017-04-11T21:42:24Z
87980182,https://github.com/ERVOLKT/QGIS-CenterLines,ERVOLKT,2017-04-11T21:16:35Z
87979075,https://github.com/Twize/PHY408-Final-Project,Twize,2017-04-11T21:02:20Z
87982950,https://github.com/Yizhi-Fang/data_analysis,Yizhi-Fang,2017-04-11T21:56:42Z
87982447,https://github.com/clarka34/2017-04-12-athens,clarka34,2017-04-11T21:49:18Z
87982339,https://github.com/ASU-CompMethodsPhysics-PHY494/final-2017-beta-team,ASU-CompMethodsPhysics-PHY494,2017-04-11T21:47:44Z
87982986,https://github.com/ryantp/msgb,ryantp,2017-04-11T21:57:16Z
87979082,https://github.com/giecaruff/PasseyTOCMethod,giecaruff,2017-04-11T21:02:24Z
87979269,https://github.com/Deeksha117/Renarration-using-Keras,Deeksha117,2017-04-11T21:04:43Z
87978902,https://github.com/hunwil/moretesting,hunwil,2017-04-11T21:00:27Z
87980265,https://github.com/ltpitt/python-sort-pool-balls,ltpitt,2017-04-11T21:17:29Z
87980748,https://github.com/xiangzhi/drl_project,xiangzhi,2017-04-11T21:24:11Z
87981938,https://github.com/gening/seq_re,gening,2017-04-11T21:41:37Z
87981167,https://github.com/uservipin/hello-world,uservipin,2017-04-11T21:30:22Z
87979667,https://github.com/TheCDC/burrows-wheeler_example,TheCDC,2017-04-11T21:09:34Z
87983012,https://github.com/chongwenguo/remote-login-python,chongwenguo,2017-04-11T21:57:38Z
87980013,https://github.com/r0mk1/cm2git,r0mk1,2017-04-11T21:14:27Z
87981460,https://github.com/sakbayeme2015/Android,sakbayeme2015,2017-04-11T21:34:52Z
87979838,https://github.com/ivan-paz/commitRuleBase,ivan-paz,2017-04-11T21:12:09Z
87981956,https://github.com/brentd-smith/booksite,brentd-smith,2017-04-11T21:41:56Z
87980365,https://github.com/fifiman/Asteroid_Shooter_v2,fifiman,2017-04-11T21:18:51Z
87982079,https://github.com/Asymmetrical/dj_first,Asymmetrical,2017-04-11T21:44:11Z
87981180,https://github.com/jonfield/Q_Learning,jonfield,2017-04-11T21:30:38Z
87978986,https://github.com/candicegjing/dispy_backup,candicegjing,2017-04-11T21:01:26Z
87979038,https://github.com/anoncatface/cisco_friend_finder,anoncatface,2017-04-11T21:01:55Z
87982556,https://github.com/magnoss/love-triangle,magnoss,2017-04-11T21:50:53Z
87981868,https://github.com/pblischak/fluidigm2purc,pblischak,2017-04-11T21:40:37Z
87978929,https://github.com/kalcifield/laci_tinkertailor_python,kalcifield,2017-04-11T21:00:50Z
87982933,https://github.com/fiestas/python,fiestas,2017-04-11T21:56:29Z
87981486,https://github.com/jaredtconnor/Monte_Carlo_Sim,jaredtconnor,2017-04-11T21:35:12Z
87981569,https://github.com/akaranjkar/PSO,akaranjkar,2017-04-11T21:36:24Z
87980099,https://github.com/FourSwordKirby/SakugaAI,FourSwordKirby,2017-04-11T21:15:31Z