35211890,https://github.com/Yosimitso/WorkingForumBundle,Yosimitso,2015-05-07T09:43:33Z
35209990,https://github.com/gwa/MySQL2Phinx,gwa,2015-05-07T09:05:46Z
35212633,https://github.com/nitricware/NWDataBase,nitricware,2015-05-07T09:58:45Z
35210777,https://github.com/akalongman/kautilities,akalongman,2015-05-07T09:21:36Z
35210009,https://github.com/phant0m4o4/PhpDioSerial,phant0m4o4,2015-05-07T09:06:04Z
35212049,https://github.com/jsdecena/freelancer-technical-exam,jsdecena,2015-05-07T09:47:00Z
35209715,https://github.com/jzxpr/jzxpr,jzxpr,2015-05-07T09:00:20Z
35210211,https://github.com/cookiezisk/phpwebsocket,cookiezisk,2015-05-07T09:09:53Z
35211589,https://github.com/duyhuynhngoc/Cache,duyhuynhngoc,2015-05-07T09:37:39Z
35211216,https://github.com/jasondavis/mysqlicious,jasondavis,2015-05-07T09:30:10Z
35211386,https://github.com/AyupMike/craftcms-buttons,AyupMike,2015-05-07T09:33:41Z
35211831,https://github.com/decima/php-music,decima,2015-05-07T09:42:31Z
35212399,https://github.com/nagendra0802/MyProject,nagendra0802,2015-05-07T09:54:05Z
35212367,https://github.com/pbahavar/Cook-recipe,pbahavar,2015-05-07T09:53:29Z
35210776,https://github.com/ahmadwaskita/Task4,ahmadwaskita,2015-05-07T09:21:35Z
35212175,https://github.com/xtwoend/diantaksi,xtwoend,2015-05-07T09:49:30Z
35209890,https://github.com/cfireman/outfun-api,cfireman,2015-05-07T09:03:47Z
35210734,https://github.com/Sleep-Less-Coder/Simple-Laravel5-Blog,Sleep-Less-Coder,2015-05-07T09:20:37Z
35212264,https://github.com/bitifirefly/HSEWP,bitifirefly,2015-05-07T09:51:26Z
35212459,https://github.com/garuno/stmegi,garuno,2015-05-07T09:55:27Z
35210232,https://github.com/nikhrom32/phpSolution,nikhrom32,2015-05-07T09:10:22Z
35212543,https://github.com/glytoucan/glytoucan-php,glytoucan,2015-05-07T09:57:02Z
35210117,https://github.com/jed-chela/lnk.ng,jed-chela,2015-05-07T09:08:14Z
35211308,https://github.com/diex01/levant_tmpl,diex01,2015-05-07T09:32:07Z
35209739,https://github.com/ckaklamanos/screenreader,ckaklamanos,2015-05-07T09:00:47Z
35209830,https://github.com/geralucroscom/geralucros,geralucroscom,2015-05-07T09:02:32Z
35210887,https://github.com/MetalMijat/CRTA1,MetalMijat,2015-05-07T09:23:50Z
35210289,https://github.com/wp-plugins/single-shortcode,wp-plugins,2015-05-07T09:11:28Z
35212491,https://github.com/macallhanbo/thai_travel,macallhanbo,2015-05-07T09:56:00Z
35210341,https://github.com/intcua/pjqlmh,intcua,2015-05-07T09:12:23Z
35212316,https://github.com/tigerwei2003/tiger,tigerwei2003,2015-05-07T09:52:28Z
35212369,https://github.com/puday/GBA,puday,2015-05-07T09:53:30Z
35210999,https://github.com/yeminhtut/portfolio,yeminhtut,2015-05-07T09:25:56Z
35212308,https://github.com/mimepp/umspx,mimepp,2015-05-07T09:52:21Z
35210671,https://github.com/wangbingo/dev.weixin,wangbingo,2015-05-07T09:19:16Z
35212071,https://github.com/jaytaph/SerializerBundle,jaytaph,2015-05-07T09:47:31Z
35211879,https://github.com/sanket1007/demo-imagebook,sanket1007,2015-05-07T09:43:25Z
35210202,https://github.com/studio359/Act-Connected,studio359,2015-05-07T09:09:43Z
35210389,https://github.com/marcomusso/pnp4nagios-templates-examples,marcomusso,2015-05-07T09:13:35Z