152674101,https://github.com/XuezheMax/macow,XuezheMax,2018-10-12T00:58:24Z
152671856,https://github.com/wmyw96/domain_align,wmyw96,2018-10-12T00:28:25Z
152671286,https://github.com/funkyfuture/delb,funkyfuture,2018-10-12T00:20:24Z
152670206,https://github.com/cravo123/LeetCode,cravo123,2018-10-12T00:05:17Z
152674030,https://github.com/dillonmabry/youtube-sentiment-helper,dillonmabry,2018-10-12T00:57:32Z
152670523,https://github.com/tfflyer/wechat_robot,tfflyer,2018-10-12T00:09:30Z
152670047,https://github.com/sjmluo/HBM,sjmluo,2018-10-12T00:02:32Z
152670627,https://github.com/kelvinthonyInti/restful,kelvinthonyInti,2018-10-12T00:11:02Z
152671796,https://github.com/amitsamanta002/Data-Structure-Python,amitsamanta002,2018-10-12T00:27:39Z
152671945,https://github.com/Arrowbox/weigh-the-spire,Arrowbox,2018-10-12T00:29:56Z
152670835,https://github.com/alexcusack/spendtracker,alexcusack,2018-10-12T00:13:46Z
152670302,https://github.com/Michael-Coetzee/sink_node,Michael-Coetzee,2018-10-12T00:06:33Z
152671455,https://github.com/astepe/ari-blog,astepe,2018-10-12T00:22:53Z
152670136,https://github.com/abhinuvpitale/ppm-impy,abhinuvpitale,2018-10-12T00:04:10Z
152670853,https://github.com/gvenzl/oracle-xe-examples,gvenzl,2018-10-12T00:14:04Z
152670655,https://github.com/sincon-eu/ticketeer,sincon-eu,2018-10-12T00:11:29Z
152671904,https://github.com/cd103/MachineLearning,cd103,2018-10-12T00:29:16Z
152672054,https://github.com/ArturoProgrammer/WilsoftDOS,ArturoProgrammer,2018-10-12T00:31:27Z
152673154,https://github.com/hiten2/chunkdd,hiten2,2018-10-12T00:46:22Z
152671497,https://github.com/justneedham/blockchain,justneedham,2018-10-12T00:23:38Z
152671429,https://github.com/SearaChen/LingProductivity,SearaChen,2018-10-12T00:22:29Z
152672642,https://github.com/adamdadd/penpy,adamdadd,2018-10-12T00:39:48Z
152672698,https://github.com/jonlil/datadog-ngx-reporter,jonlil,2018-10-12T00:40:30Z
152673471,https://github.com/efrter/jphack2018,efrter,2018-10-12T00:50:11Z
152674201,https://github.com/stanford-ssi/s6c,stanford-ssi,2018-10-12T00:59:34Z
152670245,https://github.com/NachoChef/unicornhathd-projects,NachoChef,2018-10-12T00:05:49Z
152673467,https://github.com/PDillis/HuipiGAN,PDillis,2018-10-12T00:50:02Z
152672797,https://github.com/molliewhite/TEST,molliewhite,2018-10-12T00:41:51Z
152672880,https://github.com/sharanramjee/My-GeeksForGeeks-Solutions,sharanramjee,2018-10-12T00:42:41Z
152672523,https://github.com/lokeshrapala/onlinesampleproj12,lokeshrapala,2018-10-12T00:38:19Z
152670011,https://github.com/RAScheepmaker/radio,RAScheepmaker,2018-10-12T00:02:02Z
152672275,https://github.com/MMKe/github,MMKe,2018-10-12T00:34:33Z
152673864,https://github.com/weberdev/csc110-expanded-labwork,weberdev,2018-10-12T00:55:30Z
152672663,https://github.com/songcelia88/HB-oopracticemelons,songcelia88,2018-10-12T00:40:05Z
152672683,https://github.com/EderVs/Computer-Networks-Project-1,EderVs,2018-10-12T00:40:20Z
152672768,https://github.com/katbelle/harvest_classes_oo,katbelle,2018-10-12T00:41:25Z
152673447,https://github.com/Jessicanini/tensorflow-nini,Jessicanini,2018-10-12T00:49:48Z
152670208,https://github.com/aholman22/Engineering-Analysis,aholman22,2018-10-12T00:05:18Z
152672978,https://github.com/DaPraxis/Amazon_search_scrape,DaPraxis,2018-10-12T00:43:57Z
152673895,https://github.com/jiajunc/Wi_system,jiajunc,2018-10-12T00:55:52Z
152673107,https://github.com/mikecrumley/Texas-Holdem-Simulator,mikecrumley,2018-10-12T00:45:39Z
152674053,https://github.com/Robin-Y-Ding/AI_hw_programming,Robin-Y-Ding,2018-10-12T00:57:49Z
152671364,https://github.com/martinetoledo/AutoNote,martinetoledo,2018-10-12T00:21:41Z
152672339,https://github.com/NGeorgescu/xmimsim,NGeorgescu,2018-10-12T00:35:34Z
152672419,https://github.com/ltisera/MazeRedes,ltisera,2018-10-12T00:36:56Z
152673359,https://github.com/puthalalitha/recipe-project,puthalalitha,2018-10-12T00:49:05Z
152671874,https://github.com/suelz/complex,suelz,2018-10-12T00:28:40Z
152669985,https://github.com/garrettatucker/web-caesar,garrettatucker,2018-10-12T00:01:31Z
152670443,https://github.com/HiJohnElliott/SnowGlobe,HiJohnElliott,2018-10-12T00:08:24Z
152671780,https://github.com/sinerasis/django_learner,sinerasis,2018-10-12T00:27:27Z
152673600,https://github.com/ppbarros/-Dealership,ppbarros,2018-10-12T00:52:08Z
152670580,https://github.com/mascros12/my-first-blog,mascros12,2018-10-12T00:10:20Z
152672714,https://github.com/justinnhli/oxycsbot,justinnhli,2018-10-12T00:40:45Z
152672871,https://github.com/wangcongs/Data-Analysis,wangcongs,2018-10-12T00:42:38Z
152672386,https://github.com/wecexpress/SimonSays,wecexpress,2018-10-12T00:36:19Z
152674226,https://github.com/yunsh3432/OSS,yunsh3432,2018-10-12T00:59:55Z
152670377,https://github.com/SNIPRS/Pygame-SpaceGame,SNIPRS,2018-10-12T00:07:36Z
152671954,https://github.com/yuyingxin/summer_project_uob,yuyingxin,2018-10-12T00:30:01Z
152671204,https://github.com/PaulSandford/web-caesar,PaulSandford,2018-10-12T00:18:59Z
152671262,https://github.com/divyabharat/testGoogleWebPage,divyabharat,2018-10-12T00:19:53Z
152670361,https://github.com/f18-os/nora-file-transfer-MadNotion,f18-os,2018-10-12T00:07:21Z
152671437,https://github.com/RichPadgett/FlipPy,RichPadgett,2018-10-12T00:22:41Z
152669904,https://github.com/neginahoomi/Flat-multi-label-text-classifier,neginahoomi,2018-10-12T00:00:26Z
152672197,https://github.com/vbatuev/gce-counter-app,vbatuev,2018-10-12T00:33:32Z
152674163,https://github.com/realuda/OSS,realuda,2018-10-12T00:59:07Z
152670117,https://github.com/p-chandra/CSC-138-Computer-Networking,p-chandra,2018-10-12T00:03:53Z
152672911,https://github.com/cs207FinalProjectGroup/cs207-FinalProject,cs207FinalProjectGroup,2018-10-12T00:43:04Z
152672656,https://github.com/matovolador/django-crud,matovolador,2018-10-12T00:40:02Z
152673845,https://github.com/becca972/web-caesar,becca972,2018-10-12T00:55:15Z
152673323,https://github.com/SPlayer1248/root-me,SPlayer1248,2018-10-12T00:48:36Z
152673687,https://github.com/jacka7901/LeetCode,jacka7901,2018-10-12T00:53:11Z
152670901,https://github.com/7AM7/ibm-api,7AM7,2018-10-12T00:14:42Z
152673577,https://github.com/clinstone/Capstone,clinstone,2018-10-12T00:51:48Z
152672920,https://github.com/manikchaudhery/Mental-Health-Hackathon,manikchaudhery,2018-10-12T00:43:15Z
152671428,https://github.com/fatestcar/python_version,fatestcar,2018-10-12T00:22:28Z
152670436,https://github.com/swirzt/SopaDeLetras,swirzt,2018-10-12T00:08:17Z
152672071,https://github.com/ChavesB/SsysEmployeeManager,ChavesB,2018-10-12T00:31:40Z
152672662,https://github.com/jwoolbright23/web-caesar,jwoolbright23,2018-10-12T00:40:04Z
152670838,https://github.com/ajosassignment/openshiftrepo,ajosassignment,2018-10-12T00:13:51Z
152670294,https://github.com/SandyHao/601deeplearning,SandyHao,2018-10-12T00:06:22Z
152673330,https://github.com/Skalbeck/Chapter6,Skalbeck,2018-10-12T00:48:40Z
152672647,https://github.com/hawkinsecurity/Aquatone-to-Nmap,hawkinsecurity,2018-10-12T00:39:51Z
152673162,https://github.com/mkreher13/212HW2,mkreher13,2018-10-12T00:46:27Z
152672285,https://github.com/nbellinger3092/Parking-Lot-Project,nbellinger3092,2018-10-12T00:34:43Z
152670134,https://github.com/ShandyDrm/paper-implementation-1,ShandyDrm,2018-10-12T00:04:09Z
152673500,https://github.com/Cyace84/doghelper,Cyace84,2018-10-12T00:50:39Z
152671850,https://github.com/shabnomnom/Melon_Harvest_Class,shabnomnom,2018-10-12T00:28:19Z
152671881,https://github.com/RichPadgett/PyFile,RichPadgett,2018-10-12T00:28:49Z