39863341,https://github.com/agermanidis/thingscoop,agermanidis,2015-07-28T23:48:15Z
39862646,https://github.com/mebusy/notes,mebusy,2015-07-28T23:25:58Z
39862560,https://github.com/haliphax/rodario,haliphax,2015-07-28T23:23:43Z
39863415,https://github.com/echentw/fate-stay-night-game,echentw,2015-07-28T23:50:22Z
39862982,https://github.com/amaloney/cdcpy,amaloney,2015-07-28T23:37:07Z
39862275,https://github.com/cmaclell/py_search,cmaclell,2015-07-28T23:15:30Z
39862394,https://github.com/venkman69/ExcelToWiki,venkman69,2015-07-28T23:18:36Z
39863479,https://github.com/StickmanVentures/firebridge,StickmanVentures,2015-07-28T23:52:23Z
39862835,https://github.com/schlamniel/TDDtest,schlamniel,2015-07-28T23:32:07Z
39863024,https://github.com/ckimmons/CSSI_final_project,ckimmons,2015-07-28T23:38:21Z
39862820,https://github.com/mattaustin83/test,mattaustin83,2015-07-28T23:31:30Z
39863380,https://github.com/codetangle/djangofish,codetangle,2015-07-28T23:49:27Z
39861953,https://github.com/badar/blog1,badar,2015-07-28T23:03:45Z
39862921,https://github.com/ki4jgt/SIMP,ki4jgt,2015-07-28T23:35:28Z
39863107,https://github.com/matt-hicks/pyproc,matt-hicks,2015-07-28T23:41:41Z
39862158,https://github.com/vgndrepo/DANP0,vgndrepo,2015-07-28T23:11:02Z
39862778,https://github.com/DualSpark/ops-consulstack,DualSpark,2015-07-28T23:30:15Z
39863484,https://github.com/scrappycat/house_ksou_cn,scrappycat,2015-07-28T23:52:31Z
39861974,https://github.com/robotmachine/LogBook,robotmachine,2015-07-28T23:04:36Z
39863079,https://github.com/vellamike/redis-interproces,vellamike,2015-07-28T23:40:48Z
39861876,https://github.com/tiffanyformosa/disease-tracker,tiffanyformosa,2015-07-28T23:01:35Z
39862249,https://github.com/packetfairy/mines,packetfairy,2015-07-28T23:14:27Z
39863340,https://github.com/TheAbominable/didactic-octo-tribble,TheAbominable,2015-07-28T23:48:14Z
39863560,https://github.com/jjcorreao/tmp,jjcorreao,2015-07-28T23:55:11Z
39863643,https://github.com/J053Fabi0/Sockets,J053Fabi0,2015-07-28T23:57:53Z
39862671,https://github.com/mandoju/trabalhoAD,mandoju,2015-07-28T23:26:44Z