85677235,https://github.com/sofyansetiawan/Website-Update-Film-dan-TV-Series-Terbaru-dengan-PHP-dan-The-Movie-Database-API,sofyansetiawan,2017-03-21T08:31:04Z
85675855,https://github.com/Fusion-Hub/FCMS,Fusion-Hub,2017-03-21T08:16:17Z
85677113,https://github.com/hzzly/canvas-vue-backstage,hzzly,2017-03-21T08:29:41Z
85677204,https://github.com/tictactimon/vnews,tictactimon,2017-03-21T08:30:43Z
85677748,https://github.com/chency147/geohash,chency147,2017-03-21T08:36:48Z
85678703,https://github.com/DriesH/scribblr-web-api,DriesH,2017-03-21T08:46:44Z
85678626,https://github.com/Kuraikari/SiteTemplate,Kuraikari,2017-03-21T08:45:58Z
85675471,https://github.com/Hectorhammett/biobcdist,Hectorhammett,2017-03-21T08:11:52Z
85678985,https://github.com/bowmansir/laravel-factory,bowmansir,2017-03-21T08:49:56Z
85679116,https://github.com/jiangxianli/yiQiChatApi,jiangxianli,2017-03-21T08:51:05Z
85675542,https://github.com/laravel-enso/cnp-validator,laravel-enso,2017-03-21T08:12:45Z
85676428,https://github.com/hansmanng/eshop,hansmanng,2017-03-21T08:22:34Z
85677220,https://github.com/Slivo-fr/RedisQ-Slack-Bot,Slivo-fr,2017-03-21T08:30:52Z
85676663,https://github.com/iscraft/php-pdo-class-of-fat-free,iscraft,2017-03-21T08:25:26Z
85679063,https://github.com/miiitaka/wp-color-picker,miiitaka,2017-03-21T08:50:35Z
85677140,https://github.com/747880514/gitphp,747880514,2017-03-21T08:30:01Z
85675042,https://github.com/vazh/Laravel,vazh,2017-03-21T08:07:03Z
85677416,https://github.com/BorElliot/douban-crawler,BorElliot,2017-03-21T08:33:07Z
85678977,https://github.com/Crazy-Cactus/ODM,Crazy-Cactus,2017-03-21T08:49:50Z
85678673,https://github.com/melkayalenka/free,melkayalenka,2017-03-21T08:46:27Z
85675725,https://github.com/gravure/laravel-verification-tokens,gravure,2017-03-21T08:14:44Z
85675944,https://github.com/AsutoshPadhi/BeingIndian-SIH,AsutoshPadhi,2017-03-21T08:17:17Z
85676170,https://github.com/zhushuangwen123/web,zhushuangwen123,2017-03-21T08:19:39Z
85679355,https://github.com/songtaohome/phpspider_demo,songtaohome,2017-03-21T08:53:23Z
85677320,https://github.com/code-architect/php-user-authentication,code-architect,2017-03-21T08:32:09Z
85676536,https://github.com/leszekuchacz/blog-1-Automatyzacja-rodowiska-Wirtualnego-przy-u-yciu-Ansbile-Vagrant,leszekuchacz,2017-03-21T08:23:52Z
85678520,https://github.com/nFnK/socialConnectphp,nFnK,2017-03-21T08:44:50Z
85679290,https://github.com/ilya-tikhomirov/php-robots,ilya-tikhomirov,2017-03-21T08:52:46Z
85676547,https://github.com/toyuanx/routines,toyuanx,2017-03-21T08:24:03Z
85677245,https://github.com/inamjung/yii2project,inamjung,2017-03-21T08:31:14Z
85676159,https://github.com/StyleBeau/sdk_wx,StyleBeau,2017-03-21T08:19:31Z
85678149,https://github.com/Robinmsmit/blog,Robinmsmit,2017-03-21T08:41:16Z
85677060,https://github.com/AngularVN/generator-larangular,AngularVN,2017-03-21T08:29:14Z
85677963,https://github.com/musiljan8/NeobjektovyRedakcniSystem,musiljan8,2017-03-21T08:39:20Z
85678604,https://github.com/bojanpopovic81/jj-neoeloquent,bojanpopovic81,2017-03-21T08:45:44Z
85679064,https://github.com/rishabhns/teamwork,rishabhns,2017-03-21T08:50:35Z
85677926,https://github.com/rediche/wp-filmfestival-theme,rediche,2017-03-21T08:39:00Z
85676642,https://github.com/dokker/cnc-wc-attachment,dokker,2017-03-21T08:25:11Z
85675714,https://github.com/chang229/ajax,chang229,2017-03-21T08:14:39Z
85677774,https://github.com/muhamadsyahril/nusatekno,muhamadsyahril,2017-03-21T08:37:06Z
85678583,https://github.com/AoifeNicAntSaoir/BookshopWebsite,AoifeNicAntSaoir,2017-03-21T08:45:30Z
85678147,https://github.com/xiaozhang24/xiaozhang24.github.io,xiaozhang24,2017-03-21T08:41:14Z
85676451,https://github.com/eveness/slack-magic,eveness,2017-03-21T08:22:44Z
85676230,https://github.com/mikavoid/MyModComments,mikavoid,2017-03-21T08:20:11Z
85676759,https://github.com/nFnK/nov-comet,nFnK,2017-03-21T08:26:18Z
85678566,https://github.com/pawansharmasf/zook99,pawansharmasf,2017-03-21T08:45:15Z
85678226,https://github.com/Yangholmes/DingDing-verification,Yangholmes,2017-03-21T08:41:55Z
85674759,https://github.com/jimit-hothi/MY_Log,jimit-hothi,2017-03-21T08:03:59Z
85679584,https://github.com/plopesc/carto_sync,plopesc,2017-03-21T08:55:39Z
85675616,https://github.com/SMT25/gitprac,SMT25,2017-03-21T08:13:40Z
85678386,https://github.com/nFnK/predis,nFnK,2017-03-21T08:43:36Z
85679891,https://github.com/plopesc/starter,plopesc,2017-03-21T08:58:47Z
85677958,https://github.com/arwin10/hotIndDeals,arwin10,2017-03-21T08:39:17Z
85675355,https://github.com/phamxuantu/API_Data_Tables,phamxuantu,2017-03-21T08:10:49Z
85677622,https://github.com/NetkovK/testphpdeveloper,NetkovK,2017-03-21T08:35:31Z
85676074,https://github.com/superfish9/FishWAF,superfish9,2017-03-21T08:18:39Z
85677727,https://github.com/AoifeNicAntSaoir/WebDev,AoifeNicAntSaoir,2017-03-21T08:36:38Z
85676359,https://github.com/sendaljebol/whatsapplink,sendaljebol,2017-03-21T08:21:46Z
85678168,https://github.com/OutmanXz/test,OutmanXz,2017-03-21T08:41:25Z
85678361,https://github.com/componavt/wcorpus,componavt,2017-03-21T08:43:24Z
85678409,https://github.com/manjith-pillai/codeIgniter-app,manjith-pillai,2017-03-21T08:43:44Z
85679452,https://github.com/ut-iuchi/Practice-Hello-World,ut-iuchi,2017-03-21T08:54:22Z
85677071,https://github.com/lyh118/laravel-test,lyh118,2017-03-21T08:29:19Z
85678671,https://github.com/sofyansetiawan/Create-Read-Update-Delete-CRUD-dengan-PHP-dan-MySQL,sofyansetiawan,2017-03-21T08:46:24Z
85678443,https://github.com/nFnK/elasticsearch-php,nFnK,2017-03-21T08:44:06Z
85676637,https://github.com/jmateudaw/ProjecteIntegrat,jmateudaw,2017-03-21T08:25:09Z
85679954,https://github.com/doydoydoy/linist,doydoydoy,2017-03-21T08:59:19Z
85678902,https://github.com/Sunil1997/voting,Sunil1997,2017-03-21T08:49:02Z