207099876,https://github.com/kotlinx/ast,kotlinx,2019-09-08T11:04:39Z
207100615,https://github.com/wjywjywjywjy/calculater,wjywjywjywjy,2019-09-08T11:11:37Z
207103751,https://github.com/Nyvlem/Graynaud,Nyvlem,2019-09-08T11:40:00Z
207105389,https://github.com/KiMiWaWonderful/ManagerSystemAndroid,KiMiWaWonderful,2019-09-08T11:54:43Z
207105114,https://github.com/DeepakKesharwani/CurdOperation,DeepakKesharwani,2019-09-08T11:52:12Z
207103133,https://github.com/sifathossain82/Object-Oriented-Programming-Lab,sifathossain82,2019-09-08T11:34:49Z
207101194,https://github.com/portlek/mc-json,portlek,2019-09-08T11:17:00Z
207102382,https://github.com/dumengyu205/-,dumengyu205,2019-09-08T11:28:00Z
207103094,https://github.com/Akashdebug/webservices,Akashdebug,2019-09-08T11:34:30Z
207103636,https://github.com/tanglijiong/activiti7,tanglijiong,2019-09-08T11:39:10Z
207103927,https://github.com/MAHESHMORE4321/dbeaverPassword,MAHESHMORE4321,2019-09-08T11:41:33Z
207099512,https://github.com/VikramThakur8/EnquiryApp,VikramThakur8,2019-09-08T11:01:01Z
207103985,https://github.com/EugeneChung/algorithm-training,EugeneChung,2019-09-08T11:42:04Z
207101550,https://github.com/dslsyeoh/calculator,dslsyeoh,2019-09-08T11:20:19Z
207105795,https://github.com/BorisLevanov/MoTEC1,BorisLevanov,2019-09-08T11:58:35Z
207102877,https://github.com/verangade/MyMicroserviceProject,verangade,2019-09-08T11:32:37Z
207105899,https://github.com/Mingun/qwtjambi,Mingun,2019-09-08T11:59:31Z
207105084,https://github.com/lokeshvinsol/java_task,lokeshvinsol,2019-09-08T11:51:54Z
207103777,https://github.com/franzxschmid/TestOrm,franzxschmid,2019-09-08T11:40:13Z
207104279,https://github.com/Don-Zhao/deer,Don-Zhao,2019-09-08T11:44:47Z
207099437,https://github.com/polireddyv/SpringExampleRepo,polireddyv,2019-09-08T11:00:18Z
207100410,https://github.com/prabamuthu/automationlearning,prabamuthu,2019-09-08T11:09:33Z
207101155,https://github.com/zhaw-gpi/19hs-twitterreview-musterloesung,zhaw-gpi,2019-09-08T11:16:39Z
207102408,https://github.com/mrjuoss/dicoding_made_submission_2,mrjuoss,2019-09-08T11:28:12Z
207102532,https://github.com/satyam88/devopsclass,satyam88,2019-09-08T11:29:33Z
207102742,https://github.com/TchokoApps/spring5-recipe-app,TchokoApps,2019-09-08T11:31:19Z
207103661,https://github.com/rajan-Test/HelloWorld,rajan-Test,2019-09-08T11:39:23Z
207103718,https://github.com/BloomAndFadeLikeFlowers/my-microservicecloud,BloomAndFadeLikeFlowers,2019-09-08T11:39:49Z
207105225,https://github.com/jo-mut/Retailers,jo-mut,2019-09-08T11:53:12Z
207101051,https://github.com/spuranik12/UdemyJavaBasics,spuranik12,2019-09-08T11:15:45Z
207105834,https://github.com/Vitas1968/Less6_Task2-3,Vitas1968,2019-09-08T11:58:53Z
207103361,https://github.com/Stevan-Iskandar/baksos-event,Stevan-Iskandar,2019-09-08T11:36:46Z
207103434,https://github.com/BW05FanXingYue/CMSUtils,BW05FanXingYue,2019-09-08T11:37:26Z
207102889,https://github.com/xufan0427/project,xufan0427,2019-09-08T11:32:42Z
207100781,https://github.com/fxavier/restaurant-api,fxavier,2019-09-08T11:13:19Z
207105742,https://github.com/jo-mut/Handy,jo-mut,2019-09-08T11:58:06Z
207104492,https://github.com/shunchensaber/JavaMaHomework,shunchensaber,2019-09-08T11:46:52Z
207101205,https://github.com/uberkami/whereismycar,uberkami,2019-09-08T11:17:06Z
207103405,https://github.com/MAHESHMORE4321/hackerrank,MAHESHMORE4321,2019-09-08T11:37:09Z
207102824,https://github.com/shriyansh1193/SpringRestMicroServicesTraining,shriyansh1193,2019-09-08T11:32:12Z
207099962,https://github.com/hassanbutt82/MontyMobileJavaTask,hassanbutt82,2019-09-08T11:05:24Z
207101715,https://github.com/JakubWylezek/task-service,JakubWylezek,2019-09-08T11:21:49Z
207102431,https://github.com/HaelioMarcio/AppEstoque,HaelioMarcio,2019-09-08T11:28:30Z
207101799,https://github.com/Konstantin012/seleniumTests,Konstantin012,2019-09-08T11:22:35Z
207105602,https://github.com/alvarosantosph/Exercicios-Curso-JAVA-Completo-2019,alvarosantosph,2019-09-08T11:56:51Z
207103492,https://github.com/restclusion/Test,restclusion,2019-09-08T11:38:04Z
207102781,https://github.com/mjimenez6/PROYECTO,mjimenez6,2019-09-08T11:31:47Z
207101215,https://github.com/riyaz123-git/newrepo,riyaz123-git,2019-09-08T11:17:16Z
207101346,https://github.com/lLg9/WalkMate,lLg9,2019-09-08T11:18:32Z
207103313,https://github.com/DemPaul/hashmap-impl-softindex,DemPaul,2019-09-08T11:36:20Z
207102842,https://github.com/MAHESHMORE4321/codechef,MAHESHMORE4321,2019-09-08T11:32:19Z
207103892,https://github.com/espona/meetup-service,espona,2019-09-08T11:41:15Z
207103905,https://github.com/GEmanuel2558/HIbernateResultMapBasic,GEmanuel2558,2019-09-08T11:41:22Z
207101755,https://github.com/ssh-sshd/github,ssh-sshd,2019-09-08T11:22:12Z
207100326,https://github.com/saxenaharsh/NumeberInWordChallenge,saxenaharsh,2019-09-08T11:08:42Z
207099420,https://github.com/dldkddkd/armydocs_app,dldkddkd,2019-09-08T11:00:08Z
207104068,https://github.com/aashish2000/AidKart,aashish2000,2019-09-08T11:42:52Z
207100453,https://github.com/sharathkumarpatlori/TMA,sharathkumarpatlori,2019-09-08T11:09:59Z
207104551,https://github.com/vyomkeshj/DrinksmateWebview,vyomkeshj,2019-09-08T11:47:21Z
207102688,https://github.com/OlenkaKlyuka/TestShop,OlenkaKlyuka,2019-09-08T11:30:54Z
207101225,https://github.com/yyyhelloworld/test,yyyhelloworld,2019-09-08T11:17:24Z
207100743,https://github.com/rishab24rg/geeks_program,rishab24rg,2019-09-08T11:12:59Z
207105255,https://github.com/YahyaQandel/Scorekeeper,YahyaQandel,2019-09-08T11:53:28Z
207104851,https://github.com/davidtkaye/edhesiveshapes,davidtkaye,2019-09-08T11:50:03Z
207103102,https://github.com/Zhewen-Li/Flappy-Bird-Game,Zhewen-Li,2019-09-08T11:34:35Z
207102477,https://github.com/zhaw-gpi/19hs-twitterreview-vza,zhaw-gpi,2019-09-08T11:29:00Z
207100476,https://github.com/CamWang/UniFound,CamWang,2019-09-08T11:10:11Z
207099453,https://github.com/arifdev123/springorm,arifdev123,2019-09-08T11:00:33Z
207100894,https://github.com/lxd985436055/Zhoukao02Utils,lxd985436055,2019-09-08T11:14:23Z
207099548,https://github.com/sutiialex/java_pattern_matching,sutiialex,2019-09-08T11:01:24Z
207101904,https://github.com/maksstef/lab_1,maksstef,2019-09-08T11:23:27Z
207100172,https://github.com/Ebay1024/testHello3,Ebay1024,2019-09-08T11:07:10Z
207100272,https://github.com/DavidCichy/cc03_w04_si-guestbook,DavidCichy,2019-09-08T11:08:10Z
207104679,https://github.com/wangnana12345/-,wangnana12345,2019-09-08T11:48:36Z
207104388,https://github.com/rtenhove/eg-builder-inheritance,rtenhove,2019-09-08T11:45:53Z
207100803,https://github.com/bluesnail95/mapReduce,bluesnail95,2019-09-08T11:13:33Z
207101612,https://github.com/OzMano/CountryCodePicker,OzMano,2019-09-08T11:20:58Z
207101703,https://github.com/swd-cm/repo4,swd-cm,2019-09-08T11:21:44Z
207103291,https://github.com/franzxschmid/SpringTest,franzxschmid,2019-09-08T11:36:08Z
207105113,https://github.com/ambitlastz/JFrame-game-test,ambitlastz,2019-09-08T11:52:12Z
207102960,https://github.com/vks3m2015/java_practice,vks3m2015,2019-09-08T11:33:20Z
207104124,https://github.com/verangade/SSOWithJWT,verangade,2019-09-08T11:43:29Z
207101933,https://github.com/index3389/springboot2-mybatis-sonar,index3389,2019-09-08T11:23:44Z
207100397,https://github.com/sandeep1995-dev/-SpringBoot-demo,sandeep1995-dev,2019-09-08T11:09:26Z
207102262,https://github.com/kimbriel21/SpringProject,kimbriel21,2019-09-08T11:26:56Z
207099909,https://github.com/vineetpandey101/JavaBasics,vineetpandey101,2019-09-08T11:04:55Z
207102443,https://github.com/1423218617/-offer,1423218617,2019-09-08T11:28:35Z
207100273,https://github.com/TinouHD/UpsiMod,TinouHD,2019-09-08T11:08:11Z
207103527,https://github.com/lamb0711/WekaTool,lamb0711,2019-09-08T11:38:23Z
207103949,https://github.com/Tatyana563/EkkelthinkingJava,Tatyana563,2019-09-08T11:41:48Z
207104337,https://github.com/s1t3w4n/2019-08-otus-spring-avetisian,s1t3w4n,2019-09-08T11:45:22Z
207102497,https://github.com/K-Hanna/rock-paper-scissors-lizard-Spock,K-Hanna,2019-09-08T11:29:13Z
207101173,https://github.com/wangqiangacer/spring-tx-manager,wangqiangacer,2019-09-08T11:16:50Z
207103981,https://github.com/xvjia2000/xvjia-common,xvjia2000,2019-09-08T11:42:03Z
207105481,https://github.com/hridoymahmud71/customlistviewexample,hridoymahmud71,2019-09-08T11:55:40Z
207105933,https://github.com/yu17782837186/Test29,yu17782837186,2019-09-08T11:59:51Z
207102304,https://github.com/vasyavasilisa/javaBasics,vasyavasilisa,2019-09-08T11:27:18Z
207104037,https://github.com/Moohy/SEF_assn,Moohy,2019-09-08T11:42:35Z
207104059,https://github.com/phaethon5882/java-MP3-Player,phaethon5882,2019-09-08T11:42:47Z
207105268,https://github.com/AdamCwojdzinski/The-Salary-Calculator,AdamCwojdzinski,2019-09-08T11:53:40Z
207102513,https://github.com/apptitlig/Lady-pill-reminder,apptitlig,2019-09-08T11:29:24Z
207102902,https://github.com/lxy878/Craigslist_App,lxy878,2019-09-08T11:32:47Z
207101706,https://github.com/ggogate/filetool,ggogate,2019-09-08T11:21:46Z
207099488,https://github.com/zhangyang-dev/GJL,zhangyang-dev,2019-09-08T11:00:47Z
207101086,https://github.com/Deviln18/D_sample-jersey-webapp,Deviln18,2019-09-08T11:16:01Z
207105677,https://github.com/locdovan/githubdemo,locdovan,2019-09-08T11:57:30Z
207102632,https://github.com/janasch/java_backend_REST_API,janasch,2019-09-08T11:30:28Z
207105083,https://github.com/MChrul/Aplikacja,MChrul,2019-09-08T11:51:53Z
207102791,https://github.com/ercinkoca/lottery,ercinkoca,2019-09-08T11:31:53Z
207105354,https://github.com/huangbing000/common1,huangbing000,2019-09-08T11:54:23Z
207100802,https://github.com/Hu-Xinyu/simple_ioc,Hu-Xinyu,2019-09-08T11:13:32Z
207100137,https://github.com/AlbertMihawk/Zleida,AlbertMihawk,2019-09-08T11:06:46Z
207102233,https://github.com/sean-shark/homework,sean-shark,2019-09-08T11:26:35Z
207102332,https://github.com/Vikash0110/jenkin,Vikash0110,2019-09-08T11:27:33Z
207101992,https://github.com/Hartmannsolution/evaluation,Hartmannsolution,2019-09-08T11:24:21Z
207101517,https://github.com/larionovda/RepositoryForJDBC,larionovda,2019-09-08T11:20:02Z
207101708,https://github.com/Nombuso-mia/employee-assignment,Nombuso-mia,2019-09-08T11:21:47Z
207103122,https://github.com/Leo9295/KidOZone_Iteration2,Leo9295,2019-09-08T11:34:43Z
207103696,https://github.com/book000/SystemdLogTracker,book000,2019-09-08T11:39:43Z
207105867,https://github.com/RTx3h/test,RTx3h,2019-09-08T11:59:12Z
207105895,https://github.com/minoltan/SpringbootProject2,minoltan,2019-09-08T11:59:29Z
207103280,https://github.com/raseemGit/Journeys_Cucmber,raseemGit,2019-09-08T11:36:03Z
207104899,https://github.com/fengchangfight/selfcomplementarysimplegraph,fengchangfight,2019-09-08T11:50:27Z
207103023,https://github.com/climberger/spring-jpa,climberger,2019-09-08T11:33:52Z
207105781,https://github.com/CoderZWei/SpringMVC-test,CoderZWei,2019-09-08T11:58:28Z
207100208,https://github.com/qq1033526798/exam-common,qq1033526798,2019-09-08T11:07:35Z
207101949,https://github.com/SinthujanBalachandran/SGIC_Servlet,SinthujanBalachandran,2019-09-08T11:23:54Z
207102457,https://github.com/makif44/summer2019,makif44,2019-09-08T11:28:44Z
207103836,https://github.com/xunuannuan/java,xunuannuan,2019-09-08T11:40:48Z
207100008,https://github.com/aamitsingh/EntityCloner,aamitsingh,2019-09-08T11:05:44Z
207105512,https://github.com/Dayger666/ChatApp,Dayger666,2019-09-08T11:56:01Z
207104768,https://github.com/sara-ramouni/iteam,sara-ramouni,2019-09-08T11:49:19Z
207103204,https://github.com/phaethon5882/Problem-Solving,phaethon5882,2019-09-08T11:35:25Z
207102611,https://github.com/mrp321/sell-springboot,mrp321,2019-09-08T11:30:16Z
207104131,https://github.com/LiuFuYu1/bobo-movie,LiuFuYu1,2019-09-08T11:43:32Z
207104583,https://github.com/fuadydheo/MvpRecycleView,fuadydheo,2019-09-08T11:47:39Z
207104614,https://github.com/luckycyy/qsgapp,luckycyy,2019-09-08T11:47:58Z
207100108,https://github.com/Shivaot/Hotel_Booking,Shivaot,2019-09-08T11:06:30Z
207103486,https://github.com/prateekiiest/Stock_app,prateekiiest,2019-09-08T11:37:59Z
207100608,https://github.com/Shubhamkk/Algorithms-illustration,Shubhamkk,2019-09-08T11:11:35Z
207099447,https://github.com/xyzstyle/BMI2019C2,xyzstyle,2019-09-08T11:00:25Z
207101046,https://github.com/kkwangsir/hospital,kkwangsir,2019-09-08T11:15:42Z
207102438,https://github.com/Petroniuss/Ori,Petroniuss,2019-09-08T11:28:33Z
207105938,https://github.com/184805049/HelloWorld,184805049,2019-09-08T11:59:53Z
207103145,https://github.com/anupojusatish82/Hello,anupojusatish82,2019-09-08T11:34:58Z
207104918,https://github.com/ibnshayed/Java-8-Final-Touch,ibnshayed,2019-09-08T11:50:38Z
207102919,https://github.com/AravindNK/StatefulvsSingleton,AravindNK,2019-09-08T11:32:57Z
207100084,https://github.com/Nikita519/GeoQuiz5,Nikita519,2019-09-08T11:06:20Z
207100139,https://github.com/puneethrajgmailcom/hello-world,puneethrajgmailcom,2019-09-08T11:06:49Z
207103960,https://github.com/voznyukpavel/calcul1,voznyukpavel,2019-09-08T11:41:53Z
207101112,https://github.com/hodientung/PredictWeather,hodientung,2019-09-08T11:16:14Z
207103327,https://github.com/JMoitta/projeto-spring-1,JMoitta,2019-09-08T11:36:28Z
207104897,https://github.com/kaidhar/Image-Uploader-Website-Assignment,kaidhar,2019-09-08T11:50:26Z
207104917,https://github.com/bubiche/EnigmaMachine,bubiche,2019-09-08T11:50:37Z
207105385,https://github.com/AnupGhosh2605/WEB_SCRAPING,AnupGhosh2605,2019-09-08T11:54:42Z
207103877,https://github.com/rmarnon/Java-JDBC,rmarnon,2019-09-08T11:41:06Z
207103947,https://github.com/TasdidRahman/LionOrTigerGame,TasdidRahman,2019-09-08T11:41:46Z
207105882,https://github.com/cance11ed/tool_java,cance11ed,2019-09-08T11:59:23Z
207100177,https://github.com/Radomiej/brick-framework,Radomiej,2019-09-08T11:07:15Z
207102981,https://github.com/etomkra/microservicesTraining,etomkra,2019-09-08T11:33:30Z
207104736,https://github.com/nieaowei/tuoxie-android,nieaowei,2019-09-08T11:49:07Z
207099683,https://github.com/DarthS1d1ous/java-game-in-browser,DarthS1d1ous,2019-09-08T11:02:44Z
207104254,https://github.com/siimg/LogFileSign,siimg,2019-09-08T11:44:35Z
207101997,https://github.com/pumpkin-wn/mygit,pumpkin-wn,2019-09-08T11:24:23Z
207104125,https://github.com/attrigirish/jsp,attrigirish,2019-09-08T11:43:29Z
207105854,https://github.com/avanishbharati/ChuckNorrisJokesSplitter,avanishbharati,2019-09-08T11:59:05Z