45281016,https://github.com/sebast331/VTele.bundle,sebast331,2015-10-30T23:09:50Z
45281618,https://github.com/Politecnico-Open-unix-Labs/b3client,Politecnico-Open-unix-Labs,2015-10-30T23:32:26Z
45281054,https://github.com/cgrima/sharad,cgrima,2015-10-30T23:11:17Z
45281485,https://github.com/mdhtr/MasterAnime.bundle,mdhtr,2015-10-30T23:28:00Z
45282245,https://github.com/the-obsidian/documentation,the-obsidian,2015-10-30T23:58:38Z
45281084,https://github.com/Cightline/pushbullet_lcd,Cightline,2015-10-30T23:12:32Z
45281994,https://github.com/spuds51/oreilly,spuds51,2015-10-30T23:47:56Z
45280796,https://github.com/richbg/python_utils,richbg,2015-10-30T23:01:47Z
45282098,https://github.com/leed25d/dailyPlanet,leed25d,2015-10-30T23:52:17Z
45281024,https://github.com/tbolender/multilevel-backup,tbolender,2015-10-30T23:10:18Z
45282223,https://github.com/lsst-camera-dh/eTraveler-clientAPI,lsst-camera-dh,2015-10-30T23:57:42Z
45281636,https://github.com/informatics-isi-edu/deriva-commons,informatics-isi-edu,2015-10-30T23:33:08Z
45282116,https://github.com/Dossar/batchjson,Dossar,2015-10-30T23:53:07Z
45281771,https://github.com/aniketmaithani/learning-flask,aniketmaithani,2015-10-30T23:38:25Z
45281474,https://github.com/janebautina/tournament,janebautina,2015-10-30T23:27:41Z
45281640,https://github.com/masozow/proyectoDjango,masozow,2015-10-30T23:33:13Z
45281968,https://github.com/BrnoPCmaniak/turing_simulator,BrnoPCmaniak,2015-10-30T23:46:35Z
45281044,https://github.com/giasone/testifttt,giasone,2015-10-30T23:10:55Z
45281647,https://github.com/cgrima/icecap,cgrima,2015-10-30T23:33:31Z
45281946,https://github.com/rgaudin/sample-orangeapisms,rgaudin,2015-10-30T23:45:44Z
45281915,https://github.com/anachronic/migraciones,anachronic,2015-10-30T23:44:16Z
45280795,https://github.com/herch0/riscanner,herch0,2015-10-30T23:01:46Z