796211,https://github.com/chrisboulton/sd-tcpsocketstates,chrisboulton,2010-07-25T07:42:32Z